100000000000.0 5.678 5.947 6.181 -0.863 0.574 0.301 -0.004 0.011 -0.052
100000000000.0 0.172 6.595 8.283 0.968 -0.650 -0.148 0.045 0.097 0.091
100000000000.0 -8.668 -0.979 -7.509 -0.604 -0.715 -0.951 0.027 -0.026 0.030
100000000000.0 -8.714 -4.919 -6.800 0.993 0.901 -0.615 -0.008 -0.091 0.098
100000000000.0 -6.855 0.949 1.937 0.435 0.907 -0.951 -0.036 0.018 0.027
100000000000.0 -5.775 7.143 6.811 0.829 0.222 0.349 -0.054 -0.080 0.007
100000000000.0 3.481 0.654 0.977 0.264 -0.966 -0.985 0.000 -0.079 0.005
100000000000.0 9.091 -3.387 -0.997 0.856 0.654 -0.506 -0.100 -0.084 0.084
100000000000.0 6.162 0.135 1.437 -0.497 0.440 -0.520 -0.026 -0.091 0.055
100000000000.0 3.876 -3.292 4.989 0.388 0.615 -0.269 -0.053 0.066 -0.083
100000000000.0 5.898 -0.487 -3.833 0.485 0.154 -0.518 0.077 0.003 -0.049
100000000000.0 -8.846 6.526 7.544 0.627 -0.520 0.247 -0.078 -0.098 0.095
100000000000.0 -8.832 -5.278 -2.696 0.008 -0.217 -0.403 -0.086 0.042 -0.056
100000000000.0 -0.624 3.144 -2.676 -0.366 -0.290 0.623 0.076 0.011 -0.078
100000000000.0 -4.812 0.962 5.574 0.919 -0.398 0.369 0.002 -0.013 -0.036
100000000000.0 6.193 -4.552 7.380 -0.484 -0.482 -0.676 -0.042 -0.024 -0.099
100000000000.0 -6.686 -4.145 -2.119 -0.528 -0.617 0.091 0.007 0.067 -0.021
100000000000.0 1.018 2.832 5.881 0.649 -0.396 0.622 0.009 -0.072 -0.006
100000000000.0 0.135 -3.541 -4.502 0.918 0.134 -0.400 0.014 -0.082 -0.023
100000000000.0 9.955 -3.973 -2.486 0.977 0.713 -0.111 0.066 0.090 0.097
100000000000.0 -3.534 6.606 -0.761 0.769 -0.215 -0.278 -0.001 -0.017 0.046
100000000000.0 -4.428 6.192 -4.369 0.680 -0.122 0.787 0.019 0.016 0.097
100000000000.0 1.024 7.280 -8.454 -0.723 -0.561 0.841 -0.056 0.054 -0.022
100000000000.0 9.643 1.957 4.130 -0.460 0.615 -0.985 0.081 0.025 -0.069
100000000000.0 8.100 -7.897 -7.368 0.006 -0.165 -0.324 0.059 0.058 0.018
100000000000.0 -0.264 3.942 1.611 -0.091 0.258 -0.184 0.054 -0.094 0.059
100000000000.0 -9.850 -2.357 -1.069 -0.162 0.523 0.796 0.003 -0.010 -0.009
100000000000.0 7.171 -1.546 -2.585 -0.228 -0.510 0.547 0.062 0.080 -0.078
100000000000.0 4.998 -2.705 7.503 0.276 0.906 0.021 0.021 -0.074 -0.017
100000000000.0 -9.758 0.203 -4.038 0.674 0.541 -0.129 0.036 -0.072 0.000
100000000000.0 6.550 -0.764 6.186 -0.849 -0.701 -0.753 -0.028 0.075 -0.038
100000000000.0 -2.689 4.790 -1.682 -0.716 -0.037 0.495 0.060 -0.041 -0.056
100000000000.0 -5.595 -2.624 7.647 0.514 -0.586 -0.691 0.088 -0.087 -0.001
100000000000.0 -5.371 -6.198 3.431 0.702 -0.110 0.168 -0.013 -0.097 0.038
100000000000.0 3.727 1.695 -0.448 0.623 0.048 0.793 0.004 0.069 -0.051
100000000000.0 0.214 -3.034 -8.139 -0.606 0.185 -0.205 0.069 0.094 0.093
100000000000.0 9.897 -8.128 7.005 0.698 -0.436 -0.074 0.076 0.051 -0.041
100000000000.0 7.225 4.198 2.286 0.454 -0.217 0.482 -0.012 0.037 0.035
100000000000.0 -8.486 -5.358 -4.962 -0.472 0.518 -0.247 -0.048 0.034 -0.070
100000000000.0 -0.594 -7.053 -5.865 0.654 -0.778 0.738 0.050 -0.090 0.077
100000000000.0 -3.286 8.316 8.941 0.741 -0.868 0.097 -0.082 -0.014 -0.043
100000000000.0 -6.134 4.291 2.824 0.053 0.354 0.238 -0.038 -0.056 -0.078
100000000000.0 1.725 -5.162 7.643 0.532 -0.863 0.650 0.082 -0.037 0.097
100000000000.0 -8.126 7.531 -5.956 -0.593 0.239 0.086 -0.044 0.072 -0.077
100000000000.0 -6.972 -4.355 4.141 0.195 -0.987 -0.899 0.096 -0.000 0.031
100000000000.0 2.422 -4.157 -0.123 0.870 0.747 0.043 -0.074 -0.094 0.080
100000000000.0 4.707 6.264 -3.613 0.418 -0.973 -0.277 0.074 -0.002 -0.002
100000000000.0 6.583 -7.047 -8.303 0.126 0.928 -0.909 -0.015 -0.054 0.018
100000000000.0 -6.394 -2.177 1.906 -0.987 -0.068 -0.973 -0.035 0.099 0.056
100000000000.0 7.357 6.907 -2.767 -0.703 0.718 -0.082 0.076 -0.027 0.010
100000000000.0 9.676 -6.885 -5.937 0.836 0.302 0.998 0.071 0.002 0.099
100000000000.0 -6.354 -1.710 2.866 0.049 -0.695 0.895 -0.005 0.063 -0.044
100000000000.0 1.196 -5.095 -1.424 0.759 -0.077 -0.997 -0.039 -0.066 -0.098
100000000000.0 -8.955 -4.087 0.928 0.805 -0.203 0.020 -0.021 0.066 0.078
100000000000.0 -5.382 1.433 4.981 -0.603 0.847 -0.425 -0.029 -0.043 0.024
100000000000.0 -7.409 3.704 1.759 -0.983 -0.374 -0.959 -0.092 -0.082 -0.023
100000000000.0 4.366 -4.999 4.109 -0.646 0.576 0.662 0.069 -0.079 0.073
100000000000.0 -3.941 2.581 -6.770 0.293 -0.293 -0.951 -0.018 0.035 0.017
100000000000.0 -9.501 2.828 5.843 0.511 0.430 -0.818 -0.046 -0.066 0.023
100000000000.0 -4.130 6.194 -5.150 -0.729 0.484 -0.472 0.036 0.031 0.070
100000000000.0 5.523 4.891 -9.754 0.318 -0.205 -0.185 -0.002 -0.069 -0.040
100000000000.0 -2.464 1.948 -2.689 -0.669 -0.380 -0.668 0.096 -0.082 0.091
100000000000.0 -9.522 -4.082 -9.414 -0.960 -0.154 -0.335 0.098 -0.019 0.069
100000000000.0 -9.222 7.310 3.866 -0.931 -0.091 -0.697 0.034 -0.076 0.077
100000000000.0 7.941 -2.137 -8.266 0.177 0.272 0.157 0.073 0.013 -0.060
100000000000.0 -5.778 7.275 -8.434 0.685 0.528 0.326 0.022 0.061 -0.065
100000000000.0 -0.457 -0.486 9.280 0.774 -0.382 -0.319 0.054 -0.027 -0.046
100000000000.0 3.848 9.943 -1.917 0.852 0.061 0.408 -0.089 -0.084 0.090
100000000000.0 4.464 -9.386 9.987 0.799 -0.537 -0.882 0.010 0.076 0.026
100000000000.0 3.303 3.972 -6.160 -0.633 -0.700 -0.269 -0.098 -0.062 -0.071
100000000000.0 -2.160 -5.875 -0.633 -0.031 0.631 0.137 0.035 0.017 -0.025
100000000000.0 -2.653 1.443 5.503 -0.434 0.221 0.161 -0.054 0.092 -0.096
100000000000.0 -7.840 2.317 0.041 -0.271 0.413 -0.950 -0.000 -0.004 -0.051
100000000000.0 0.545 4.024 1.949 -0.751 -0.213 0.147 0.039 0.063 -0.084
100000000000.0 3.119 -2.459 4.357 0.368 0.700 0.529 0.019 0.052 -0.029
100000000000.0 -3.679 1.952 7.404 0.271 0.883 -0.451 -0.025 -0.020 -0.096
100000000000.0 1.652 -1.186 -8.061 -0.069 -0.287 0.641 0.025 -0.087 0.077
100000000000.0 9.131 3.135 -9.858 0.669 0.500 -0.180 0.062 -0.015 0.062
100000000000.0 -2.065 -8.664 -7.984 -0.734 0.898 -0.886 -0.028 0.031 -0.008
100000000000.0 -1.861 -0.080 3.890 -0.772 0.043 0.698 0.007 -0.075 -0.083
100000000000.0 -1.762 -8.369 -2.628 -0.635 -0.147 0.056 0.025 -0.038 -0.090
100000000000.0 -3.733 4.270 -7.639 -0.046 0.796 0.172 0.064 -0.080 -0.077
100000000000.0 5.718 -2.229 -3.968 0.810 -0.522 -0.785 0.029 -0.098 -0.001
100000000000.0 4.880 0.720 -5.315 -0.792 0.161 -0.696 -0.076 0.053 -0.016
100000000000.0 -2.828 -6.722 -0.766 -0.189 0.694 0.822 -0.064 -0.075 -0.066
100000000000.0 3.262 4.869 -1.920 0.779 -0.612 -0.972 0.067 -0.037 -0.073
100000000000.0 -8.998 3.179 3.072 0.798 -0.503 -0.106 -0.062 0.037 0.001
100000000000.0 9.700 3.412 -6.383 0.023 0.036 0.607 0.039 -0.046 -0.075
100000000000.0 -8.528 4.060 7.063 0.496 0.710 -0.591 0.035 -0.044 -0.100
100000000000.0 0.388 7.640 0.760 0.513 0.033 -0.121 0.057 -0.068 0.045
100000000000.0 0.380 9.139 -1.674 0.269 -0.939 0.103 0.091 0.030 -0.061
100000000000.0 -7.592 4.630 -3.633 -0.694 -0.790 -0.484 0.076 -0.074 -0.070
100000000000.0 4.210 -6.210 9.312 0.002 -0.011 -0.588 -0.088 0.025 0.062
100000000000.0 6.087 8.880 -8.446 -0.084 -0.103 -0.207 -0.025 0.069 0.003
100000000000.0 -0.102 -6.973 -2.530 -0.225 0.149 0.213 0.058 -0.014 0.006
100000000000.0 7.776 1.603 -8.932 0.871 -0.981 0.465 0.038 0.045 0.068
100000000000.0 8.080 -9.523 -7.880 -0.162 -0.316 0.938 0.091 -0.052 -0.044
100000000000.0 -5.178 5.482 7.862 0.644 -0.189 -0.742 0.011 0.079 0.051
100000000000.0 1.949 3.499 -4.907 0.914 0.345 -0.413 0.095 0.080 -0.028
100000000000.0 2.393 -4.451 9.587 -0.096 0.720 -0.481 0.086 0.016 -0.052
100000000000.0 -1.131 3.404 1.220 -0.642 0.987 0.275 0.009 -0.051 -0.060
100000000000.0 -1.251 -7.725 8.837 -0.613 -0.458 -0.700 -0.084 0.096 0.080
100000000000.0 -2.836 -6.163 0.596 -0.207 0.844 -0.549 -0.040 0.060 -0.013
100000000000.0 4.444 1.564 -5.352 0.718 -0.096 -0.070 -0.090 0.086 0.085
100000000000.0 6.708 1.207 6.945 -0.328 -0.697 -0.938 0.065 0.072 0.052
100000000000.0 -3.996 4.410 -3.470 -0.143 0.437 -0.326 -0.077 -0.050 -0.009
100000000000.0 -7.381 -3.886 3.721 0.527 0.026 0.668 0.024 -0.017 0.073
100000000000.0 2.890 7.882 -2.768 0.509 -0.224 -0.961 0.026 0.069 -0.069
100000000000.0 -3.468 -0.428 7.722 -0.095 -0.693 0.129 0.007 -0.078 0.072
100000000000.0 -7.829 3.303 -3.951 0.392 -0.439 0.053 0.099 0.049 0.022
100000000000.0 8.694 -7.986 4.688 -0.421 -0.827 0.984 0.076 0.097 -0.026
100000000000.0 -4.065 2.947 7.719 -0.355 0.058 -0.355 0.072 0.044 -0.017
100000000000.0 7.920 8.869 -7.840 0.459 -0.330 -0.931 0.079 0.004 -0.073
100000000000.0 -6.340 5.381 8.916 -0.906 -0.096 0.422 -0.026 0.076 -0.003
100000000000.0 3.104 -5.071 -0.396 -0.414 0.640 0.563 0.083 0.064 0.001
100000000000.0 6.693 4.898 9.628 0.713 -0.471 0.045 -0.075 0.069 -0.026
100000000000.0 9.337 0.182 -8.183 -0.281 -0.173 -0.501 -0.094 -0.020 0.011
100000000000.0 4.077 4.086 1.853 0.493 0.877 0.315 -0.054 -0.023 0.081
100000000000.0 -3.589 -5.462 8.351 -0.355 0.237 -0.039 -0.028 -0.031 -0.014
100000000000.0 1.519 -7.065 0.456 -0.929 0.901 0.926 -0.017 0.064 -0.060
100000000000.0 -6.119 0.830 -5.202 0.936 -0.713 -0.341 0.064 -0.026 0.091
100000000000.0 6.561 -8.135 9.785 0.064 0.743 -0.267 0.016 -0.096 -0.038
100000000000.0 7.486 -4.884 -9.929 0.907 -0.825 -0.764 -0.021 -0.075 0.010
100000000000.0 -1.225 5.923 1.707 0.380 0.003 0.330 -0.026 0.047 -0.069
100000000000.0 -0.097 -0.709 -9.732 0.216 0.885 -0.082 -0.004 0.068 -0.052
100000000000.0 1.410 2.530 -3.667 -0.944 0.319 -0.844 0.088 0.093 -0.079
100000000000.0 -6.454 4.115 8.310 0.145 -0.839 0.952 0.024 -0.028 0.054
100000000000.0 3.457 7.205 6.044 0.248 -0.398 -0.274 0.066 -0.100 -0.027
100000000000.0 5.400 -8.673 9.495 -0.199 0.537 -0.629 0.016 0.070 0.027
100000000000.0 3.148 8.071 -1.513 0.684 -0.676 0.086 0.072 -0.068 -0.053
100000000000.0 -3.545 -3.183 1.677 -0.961 -0.536 -0.179 0.067 0.040 -0.044
100000000000.0 -7.836 4.307 5.034 -0.762 -0.746 0.874 0.017 -0.088 0.086
100000000000.0 -8.886 -9.112 9.224 0.624 0.624 0.087 0.008 0.063 -0.084
100000000000.0 6.757 -9.733 -9.617 -0.437 0.895 0.983 -0.031 -0.021 -0.034
100000000000.0 7.341 -3.234 1.109 0.959 -0.109 -0.395 0.054 0.050 -0.016
100000000000.0 7.218 8.250 -3.877 -0.467 -0.425 0.963 -0.030 0.038 0.021
100000000000.0 -7.973 7.465 -4.265 0.438 0.208 0.147 -0.080 0.022 -0.057
100000000000.0 6.239 6.694 -7.060 -0.814 0.219 0.706 0.013 0.049 0.013
100000000000.0 5.907 8.567 -3.350 -0.235 0.045 0.812 0.051 0.020 0.019
100000000000.0 -7.285 8.668 -4.511 0.492 0.395 0.624 -0.088 0.074 0.024
100000000000.0 -7.080 -2.112 -8.504 -0.058 -0.531 0.612 -0.012 -0.015 0.026
100000000000.0 5.521 -9.214 -1.407 -0.942 -0.282 -0.788 0.060 -0.073 -0.080
100000000000.0 9.770 9.770 8.468 -0.235 -0.594 -0.768 0.051 -0.025 -0.053
100000000000.0 -2.164 3.909 -9.409 0.629 0.357 0.182 0.097 0.032 -0.073
100000000000.0 1.897 -2.379 9.721 0.698 0.084 -0.003 0.009 -0.097 0.033
100000000000.0 -2.589 -9.760 6.858 0.308 -0.993 -0.667 0.050 0.079 0.062
100000000000.0 -2.413 -8.417 -3.524 -0.623 -0.945 -0.744 -0.058 -0.036 -0.058
100000000000.0 -0.145 -7.113 3.234 -0.513 0.351 -0.455 0.087 -0.086 0.090
100000000000.0 -4.937 -0.723 -7.115 0.983 0.412 -0.210 -0.076 0.086 -0.004
100000000000.0 -5.887 -3.127 8.760 0.437 0.540 0.012 0.027 0.073 -0.006
100000000000.0 -5.134 -8.786 -4.557 0.623 0.290 0.736 0.097 -0.064 -0.037
100000000000.0 -5.936 -2.547 3.627 -0.626 0.533 0.623 0.041 -0.023 0.077
100000000000.0 2.282 -1.511 1.208 -0.420 -0.787 0.172 -0.040 -0.042 -0.014
100000000000.0 -2.546 1.908 1.569 -0.351 -0.831 -0.579 0.081 0.045 0.056
100000000000.0 4.196 9.966 3.592 0.221 0.786 0.140 -0.030 -0.078 0.066
100000000000.0 -4.733 -8.315 6.784 0.801 0.889 -0.188 -0.078 -0.053 -0.029
100000000000.0 0.774 -3.580 3.616 -0.348 0.624 0.920 -0.002 -0.098 -0.056
100000000000.0 -6.200 -0.101 9.727 -0.418 0.290 0.426 0.027 -0.081 0.080
100000000000.0 5.246 -6.405 -4.108 -0.067 -0.518 -0.625 -0.092 0.035 -0.039
100000000000.0 9.961 -8.388 -2.213 -0.490 0.023 0.230 0.015 0.014 -0.086
100000000000.0 -6.937 9.670 -3.373 0.677 0.957 0.339 -0.028 -0.024 0.007
100000000000.0 1.433 2.190 -9.678 -0.663 0.303 0.108 0.042 -0.034 -0.064
100000000000.0 -2.901 -9.380 8.789 -0.355 0.128 0.261 0.050 -0.023 0.093
100000000000.0 3.673 -5.145 -4.069 0.143 -0.161 -0.522 0.056 0.044 -0.087
100000000000.0 -3.080 -0.332 -1.386 -0.123 -0.349 -0.602 -0.038 -0.085 0.002
100000000000.0 -6.320 -7.221 -0.170 0.912 0.245 -0.760 0.081 -0.079 0.016
100000000000.0 8.802 2.615 0.152 -0.649 0.037 -0.150 -0.046 -0.042 -0.045
100000000000.0 -2.282 -9.103 -1.852 0.375 -0.821 0.480 -0.041 -0.026 0.025
100000000000.0 8.407 -6.999 6.865 0.467 0.762 0.488 0.023 0.092 0.062
100000000000.0 9.500 -8.463 -8.820 0.169 -0.577 -0.108 -0.046 -0.046 0.078
100000000000.0 -4.519 -8.349 3.855 -0.659 -0.618 -0.034 0.031 0.022 -0.011
100000000000.0 -3.651 -1.612 5.552 -0.695 0.900 0.115 -0.018 0.040 0.054
100000000000.0 5.413 0.088 -4.026 0.628 0.772 -0.272 0.016 0.005 0.082
100000000000.0 4.355 -3.216 8.241 0.688 0.494 0.368 -0.078 -0.018 0.091
100000000000.0 -3.303 -3.431 8.278 0.646 0.767 -0.833 0.026 0.017 0.046
100000000000.0 8.425 3.931 7.028 -0.830 0.197 -0.431 0.041 -0.012 -0.089
100000000000.0 -8.331 -0.090 3.082 -0.343 0.288 0.608 -0.087 0.036 -0.010
100000000000.0 -1.922 8.575 1.732 -0.583 -0.333 0.809 -0.099 -0.012 0.052
100000000000.0 5.637 -1.549 1.137 -0.697 -0.335 -0.757 0.080 0.097 -0.086
100000000000.0 -3.349 -9.124 -9.161 -0.823 -0.278 -0.222 0.071 -0.021 -0.076
100000000000.0 1.652 -1.618 1.230 0.752 -0.119 0.548 -0.085 -0.001 -0.096
100000000000.0 3.481 -8.890 1.051 0.835 0.828 0.628 0.057 -0.010 0.097
100000000000.0 -7.130 -2.583 4.653 0.990 0.554 -0.828 0.011 -0.076 -0.073
100000000000.0 4.752 6.412 -5.659 -0.119 0.870 0.548 -0.077 -0.061 -0.076
100000000000.0 -0.170 8.117 -2.756 0.386 -0.524 0.785 -0.025 0.066 -0.018
100000000000.0 -3.805 -5.146 8.040 -0.325 0.982 -0.018 -0.077 0.005 -0.075
100000000000.0 1.716 -6.399 3.988 0.129 -0.909 0.745 -0.042 -0.098 0.089
100000000000.0 -5.908 -1.298 1.236 -0.303 0.763 0.726 0.007 0.032 -0.031
100000000000.0 -2.349 6.879 -8.876 0.265 0.328 0.587 -0.014 -0.072 0.014
100000000000.0 -1.206 6.235 5.928 -0.351 -0.474 -0.082 -0.014 -0.066 -0.081
100000000000.0 1.309 -0.687 0.195 0.326 0.526 -0.225 -0.055 0.066 -0.029
100000000000.0 8.258 -1.356 8.729 0.159 0.994 0.277 -0.012 0.036 0.044
100000000000.0 -2.583 7.300 3.546 -0.467 0.056 -0.418 0.088 0.066 0.002
100000000000.0 -5.718 7.340 5.792 -0.240 0.215 -0.931 -0.088 0.031 0.099
100000000000.0 5.406 6.881 -5.121 -0.983 0.778 -0.532 -0.077 0.044 0.020
100000000000.0 -6.874 8.096 -9.690 0.492 -0.828 0.308 0.063 0.091 0.034
100000000000.0 -4.454 1.870 7.436 -0.787 0.255 0.865 0.079 -0.032 0.022
100000000000.0 -6.541 -9.772 -6.449 0.741 -0.057 -0.952 -0.091 0.039 0.014
100000000000.0 1.848 7.991 3.405 -0.160 -0.286 0.397 -0.057 -0.028 -0.030
100000000000.0 8.773 -1.876 -4.543 0.967 0.097 -0.544 0.048 -0.083 0.003
100000000000.0 3.480 3.569 2.924 -0.497 -0.896 0.558 -0.056 0.002 0.080
100000000000.0 -0.505 7.907 -4.022 0.125 -0.539 -0.740 0.020 0.060 -0.081
100000000000.0 9.394 0.529 9.289 -0.684 -0.683 0.272 0.064 -0.093 0.087
100000000000.0 -3.352 -6.942 7.613 0.260 -0.550 0.888 0.098 -0.068 -0.078
100000000000.0 -0.964 1.265 1.332 -0.675 -0.092 -0.770 0.085 -0.013 0.092
100000000000.0 3.620 -0.990 3.950 -0.214 -0.951 -0.624 -0.068 -0.082 0.097
100000000000.0 -6.298 7.309 -7.915 -0.700 0.230 0.162 -0.000 0.072 0.013
100000000000.0 7.707 -1.071 -6.174 0.940 0.005 0.163 -0.046 -0.036 0.099
100000000000.0 -3.180 4.885 9.316 -0.699 0.025 0.346 0.073 0.013 -0.017
100000000000.0 1.909 -7.803 6.975 -0.924 0.478 -0.562 -0.071 0.074 -0.019
100000000000.0 -4.944 -2.865 6.193 0.525 0.537 0.522 0.093 -0.031 -0.058
100000000000.0 -5.737 6.388 -1.292 -0.059 -0.726 0.423 -0.059 -0.031 0.034
100000000000.0 8.109 -5.073 -2.848 -0.549 0.343 -0.304 0.020 -0.095 -0.059
100000000000.0 -6.030 -4.839 -4.540 -0.029 -0.949 -0.444 -0.099 0.047 -0.018
100000000000.0 6.683 4.502 -6.332 -0.230 -0.822 0.429 0.060 0.021 0.095
100000000000.0 -3.353 -5.412 -6.726 -0.961 0.507 -0.992 0.053 0.011 0.031
100000000000.0 4.205 7.268 -3.217 0.724 0.040 -0.552 0.092 0.048 -0.036
100000000000.0 -0.967 9.583 -3.880 -0.680 0.975 -0.674 0.020 -0.099 -0.060
100000000000.0 7.617 4.868 -2.404 -0.671 -0.105 -0.449 0.087 0.073 0.089
100000000000.0 -5.475 -7.429 1.849 0.913 0.088 0.444 -0.047 -0.086 -0.062
100000000000.0 -6.383 -4.296 6.496 0.603 -0.407 -0.284 -0.076 0.025 0.045
100000000000.0 1.429 -3.763 -5.417 -0.230 -0.644 0.589 0.067 -0.027 0.012
100000000000.0 1.956 6.527 9.395 -0.996 -0.840 -0.553 0.027 -0.058 -0.025
100000000000.0 1.426 -4.020 -3.235 0.777 -0.255 -0.216 -0.016 0.055 -0.087
100000000000.0 -8.256 -5.008 -3.842 0.714 -0.738 -0.132 0.053 -0.081 -0.013
100000000000.0 -3.254 4.150 1.686 -0.538 0.530 -0.164 0.006 -0.007 -0.051
100000000000.0 -0.171 1.535 -7.234 -0.377 -0.105 -0.750 0.021 0.006 0.022
100000000000.0 6.587 -9.151 -1.313 -0.809 0.662 0.570 -0.036 -0.007 -0.070
100000000000.0 4.354 0.249 4.423 0.957 0.169 -0.012 0.056 0.006 -0.011
100000000000.0 -5.143 -2.068 -6.442 -0.342 0.747 -0.868 -0.059 0.028 0.061
100000000000.0 9.041 -7.992 -3.811 0.631 0.081 -0.505 -0.058 0.026 -0.009
100000000000.0 3.519 -1.453 -2.358 -0.228 0.219 -0.359 0.031 0.062 -0.053
100000000000.0 4.600 -2.551 -6.757 0.341 0.892 0.099 -0.082 0.061 0.074
100000000000.0 -9.516 -6.575 5.915 -0.893 -0.462 0.673 0.048 -0.006 -0.087
100000000000.0 2.703 -9.358 -4.993 0.848 0.445 -0.185 0.047 -0.022 -0.008
100000000000.0 6.210 -7.128 -9.282 0.185 -0.734 0.499 -0.037 0.049 -0.041
100000000000.0 3.372 4.698 -8.784 -0.373 -0.064 -0.545 0.083 0.087 0.057
100000000000.0 4.399 0.631 -0.942 -0.285 -0.132 0.519 -0.056 -0.089 0.018
100000000000.0 4.522 1.049 -2.943 -0.963 -0.453 -0.500 0.036 0.073 0.042
100000000000.0 3.836 -7.567 2.609 0.693 0.248 -0.746 -0.049 0.058 0.066
100000000000.0 2.040 -8.781 1.162 -0.076 0.102 0.808 0.050 0.081 0.030
100000000000.0 3.714 -6.832 -4.679 -0.906 -0.216 0.654 -0.064 0.021 -0.043
100000000000.0 0.142 -4.513 7.126 0.040 -0.163 -0.077 -0.029 -0.083 0.011
100000000000.0 -1.365 2.541 4.843 0.968 -0.777 -0.413 -0.057 -0.020 -0.059
100000000000.0 2.324 -5.026 4.585 0.418 -0.540 0.047 0.095 0.037 -0.050
100000000000.0 0.559 8.102 -1.029 -0.584 0.034 0.214 0.057 0.072 0.014
100000000000.0 5.255 8.808 9.156 -0.425 0.541 -0.848 -0.001 0.025 0.059
100000000000.0 2.699 -8.542 5.527 -0.469 -0.203 0.037 0.077 -0.033 -0.005
100000000000.0 6.671 6.256 -3.646 0.630 -0.594 -0.258 -0.047 -0.097 -0.096
100000000000.0 -1.753 1.834 7.915 -0.107 0.178 0.229 0.067 0.025 0.047
100000000000.0 0.847 7.731 8.668 -0.985 -0.840 0.360 -0.004 0.078 -0.071
100000000000.0 2.073 -2.232 0.517 0.204 -0.028 0.656 -0.029 0.010 -0.069
100000000000.0 0.133 8.743 -7.273 -0.958 -0.378 -0.847 0.093 0.042 0.017
100000000000.0 7.448 0.403 2.498 0.002 -0.125 -0.651 0.093 -0.077 0.089
100000000000.0 -3.854 5.627 0.435 -0.271 0.078 -0.036 -0.049 0.026 0.012
100000000000.0 8.270 6.726 -8.113 -0.532 -0.313 0.509 -0.098 0.034 0.014
100000000000.0 -4.985 -9.901 -7.018 0.453 0.093 -0.065 -0.039 0.070 0.069
100000000000.0 8.588 3.290 0.838 -0.625 0.641 0.623 -0.096 -0.005 0.005
100000000000.0 1.601 -6.498 -2.553 0.745 -0.432 -0.601 0.082 -0.056 -0.080
100000000000.0 4.691 -7.821 -9.198 0.493 -0.779 0.231 0.024 -0.092 0.044
100000000000.0 9.957 2.168 -0.801 0.098 0.252 0.899 -0.093 0.025 -0.058
100000000000.0 0.103 1.673 -4.955 0.404 -0.912 -0.379 0.034 0.017 0.075
100000000000.0 8.531 -4.432 5.786 -0.840 -0.332 -0.785 -0.048 -0.081 0.077
100000000000.0 9.042 -6.441 6.551 -0.665 0.726 0.839 0.096 0.089 0.095
100000000000.0 -1.140 -6.493 -5.849 -0.387 -0.013 0.426 0.027 0.080 -0.057
100000000000.0 4.819 -6.359 -7.834 0.491 -0.753 -0.477 -0.049 -0.018 0.045
100000000000.0 -1.538 -5.346 -6.740 -0.127 0.645 0.992 0.068 0.000 0.008
100000000000.0 -6.493 0.157 9.370 0.340 0.234 0.565 0.090 0.020 0.034
100000000000.0 -9.093 2.040 -3.728 0.982 0.704 0.782 0.002 -0.029 -0.028
100000000000.0 -4.103 2.130 -5.655 0.560 0.513 -0.306 0.015 0.062 0.034
100000000000.0 -0.044 -1.384 1.509 0.767 0.834 -0.583 -0.040 -0.030 -0.023
100000000000.0 7.589 -6.743 0.203 -0.316 0.239 -0.807 -0.041 0.016 0.063
100000000000.0 3.226 -0.248 1.818 0.858 -0.932 -0.185 -0.085 0.039 0.044
100000000000.0 8.520 -1.369 9.962 0.686 0.981 -0.451 -0.061 -0.057 0.009
100000000000.0 3.297 0.322 -1.105 0.248 0.499 0.804 0.000 0.035 -0.088
100000000000.0 5.974 5.393 9.316 0.900 0.786 -0.748 0.086 -0.045 -0.074
100000000000.0 -7.618 -4.259 4.510 0.723 -0.354 0.913 0.007 0.017 0.012
100000000000.0 -6.310 -3.000 2.307 0.323 0.130 -0.241 -0.010 -0.080 0.011
100000000000.0 -9.340 -8.718 1.714 0.193 -0.815 0.163 0.012 -0.048 -0.029
100000000000.0 1.839 5.942 -2.557 -0.456 -0.498 0.320 -0.002 -0.049 -0.072
100000000000.0 -4.191 3.080 -0.457 -0.291 0.429 -0.912 0.007 -0.023 0.007
100000000000.0 2.088 3.783 9.329 -0.737 0.585 -0.507 -0.097 0.069 0.078
100000000000.0 -6.952 2.932 -0.845 -0.129 0.008 0.971 0.011 0.020 -0.000
100000000000.0 -2.258 -7.224 -4.611 -0.356 0.602 -0.731 -0.015 0.044 0.064
100000000000.0 2.105 1.787 9.662 0.941 -0.471 0.840 0.010 0.060 0.051
100000000000.0 2.239 -7.542 3.208 0.211 -0.792 0.377 0.033 -0.008 -0.076
100000000000.0 1.230 -2.892 -1.760 0.062 0.651 -0.747 0.097 0.001 -0.076
100000000000.0 6.800 -0.136 2.889 -0.727 -0.624 0.401 -0.050 0.053 -0.018
100000000000.0 -8.246 -1.585 -8.750 -0.873 0.321 0.406 0.010 0.034 -0.064
100000000000.0 -3.796 -9.249 0.811 -0.816 0.199 -0.894 0.056 -0.028 0.061
100000000000.0 4.539 -0.940 -1.501 -0.737 -0.774 -0.186 0.082 -0.039 0.064
100000000000.0 -4.323 6.100 4.288 -0.259 0.171 -0.721 -0.067 0.080 0.000
100000000000.0 2.454 2.420 -3.568 0.913 0.439 0.504 -0.057 -0.022 -0.067
100000000000.0 -0.344 -4.528 -9.765 -0.660 0.189 0.811 -0.024 -0.088 -0.086
100000000000.0 -5.008 -8.035 -7.688 0.861 0.599 0.440 0.044 0.053 -0.010
100000000000.0 5.244 -9.732 3.009 -0.943 -0.107 -0.148 -0.026 -0.071 0.030
100000000000.0 7.327 6.174 1.082 0.129 -0.629 0.619 0.047 0.054 -0.053
100000000000.0 9.300 4.191 -0.722 0.096 -0.937 0.641 0.087 0.085 0.051
100000000000.0 2.314 6.418 0.846 0.101 0.528 -0.577 -0.055 0.006 -0.012
100000000000.0 -4.434 8.880 -0.776 -0.776 0.342 -0.220 -0.059 -0.095 0.006
100000000000.0 -3.029 -1.499 -0.097 -0.430 0.836 0.940 -0.050 -0.038 -0.086
100000000000.0 6.371 -8.870 1.275 -0.627 0.434 -0.637 -0.030 -0.054 -0.078
100000000000.0 -0.647 9.892 0.807 -0.569 0.777 0.292 -0.039 -0.059 0.031
100000000000.0 1.340 -2.405 -5.415 -0.578 0.395 0.223 -0.098 -0.027 -0.035
100000000000.0 -3.873 -9.740 -2.193 -0.088 -0.933 0.908 0.080 0.100 0.046
100000000000.0 -2.771 0.569 -0.251 0.732 0.791 0.971 0.074 -0.061 -0.008
100000000000.0 -0.329 -6.905 -3.797 0.011 -0.175 0.978 0.059 -0.035 -0.062
100000000000.0 -5.938 -8.105 -3.103 -0.967 -0.378 0.888 -0.100 -0.073 0.005
100000000000.0 -4.045 4.971 1.100 -0.663 -0.526 -0.021 0.080 0.073 -0.001
100000000000.0 -7.474 2.873 -0.856 0.532 -0.840 -0.304 -0.074 0.040 -0.009
100000000000.0 0.591 -1.686 -0.866 -0.627 0.968 0.966 0.053 0.070 0.017
100000000000.0 -4.249 5.939 3.120 0.864 0.498 0.886 -0.058 0.066 0.083
100000000000.0 -1.007 -9.699 -1.344 -0.048 -0.628 -0.837 0.075 0.020 0.038
100000000000.0 2.250 -3.510 6.323 -0.535 -0.320 -0.496 0.016 0.070 -0.078
100000000000.0 -7.541 -1.526 9.121 0.399 -0.101 -0.190 0.009 0.098 0.065
100000000000.0 3.231 -6.630 0.471 0.481 0.375 0.725 -0.006 -0.061 -0.043
100000000000.0 4.423 5.345 -3.651 0.820 0.125 -0.417 -0.072 0.082 -0.093
100000000000.0 -3.192 9.497 0.991 0.220 -0.123 -0.471 -0.051 0.048 -0.047
100000000000.0 9.522 -3.163 2.831 0.685 -0.105 0.264 -0.012 0.065 0.008
100000000000.0 -9.726 1.532 -9.051 0.376 0.822 -0.796 -0.020 0.062 -0.004
100000000000.0 2.132 -7.858 -8.530 -0.939 0.154 0.676 -0.053 -0.050 -0.096
100000000000.0 -8.411 0.175 -5.882 -0.376 0.557 -0.850 0.060 -0.038 -0.026
100000000000.0 0.870 -0.053 -1.528 -0.896 0.856 0.377 -0.027 -0.002 -0.099
100000000000.0 -3.853 1.425 -4.831 -0.385 -0.275 -0.217 0.098 0.012 0.028
100000000000.0 -2.517 1.472 -4.639 -0.465 -0.295 -0.301 -0.013 0.099 -0.073
100000000000.0 5.437 -5.783 8.661 0.475 0.332 -0.433 0.050 0.056 -0.040
100000000000.0 7.391 -3.553 -5.478 0.614 -0.841 0.404 0.090 0.066 0.003
100000000000.0 -8.386 -6.354 -0.635 0.553 0.800 0.815 0.020 0.044 0.053
100000000000.0 7.785 4.499 5.484 -0.083 -0.217 -0.160 -0.012 -0.065 -0.068
100000000000.0 1.430 6.542 7.372 -0.798 0.530 0.291 -0.084 0.075 0.006
100000000000.0 -6.510 -7.812 9.225 -0.034 -0.054 -0.750 -0.066 0.052 -0.003
100000000000.0 -9.678 1.627 7.825 -0.665 -0.980 -0.191 -0.007 -0.064 0.078
100000000000.0 -1.835 9.941 3.514 -0.897 -0.771 0.403 0.003 -0.074 -0.028
100000000000.0 -8.680 -4.515 -2.538 -0.207 0.128 0.171 -0.091 0.048 -0.049
100000000000.0 -8.490 3.548 -2.021 0.687 -0.948 -0.357 -0.004 -0.095 -0.028
100000000000.0 7.828 -4.208 8.022 -0.435 -0.480 0.314 0.017 -0.058 0.085
100000000000.0 -2.742 -9.790 1.670 0.840 0.893 0.906 0.098 -0.091 -0.056
100000000000.0 -8.451 6.202 -2.168 0.030 0.676 0.138 -0.062 -0.003 0.063
100000000000.0 4.362 -7.516 4.767 -0.545 0.356 -0.929 0.057 -0.008 -0.085
100000000000.0 -5.660 7.289 -9.160 0.907 0.143 -0.671 -0.074 -0.005 -0.092
100000000000.0 -7.719 -0.785 -2.464 -0.744 0.981 -0.040 0.031 0.041 -0.093
100000000000.0 -8.155 -9.248 9.156 0.859 0.909 0.289 0.029 -0.010 -0.076
100000000000.0 -0.664 0.491 5.830 -0.277 -0.245 -0.771 0.032 0.031 0.080
100000000000.0 -4.694 8.362 -3.183 -0.309 0.617 0.569 0.022 0.096 0.042
100000000000.0 0.946 -2.567 -9.647 0.121 0.918 0.672 -0.033 -0.015 -0.065
100000000000.0 -5.102 -6.628 -7.939 -0.553 0.217 -0.383 -0.063 -0.048 -0.087
100000000000.0 7.847 4.509 9.771 0.861 0.004 -0.582 0.012 -0.046 -0.033
100000000000.0 -4.446 -0.007 8.961 -0.817 -0.082 0.886 0.065 -0.090 -0.046
100000000000.0 -2.094 6.744 7.181 0.808 0.430 0.476 0.031 -0.055 0.097
100000000000.0 -3.553 3.523 -3.684 -0.349 0.826 -0.069 0.019 0.051 0.082
100000000000.0 -5.635 -5.975 4.426 -0.966 0.917 -0.400 -0.061 -0.033 -0.050
100000000000.0 9.639 8.845 -5.376 0.663 -0.953 0.308 -0.050 0.045 0.081
100000000000.0 2.617 -6.012 -6.579 0.286 0.995 0.907 0.090 -0.099 0.025
100000000000.0 1.271 3.829 0.712 -0.181 0.439 -0.111 -0.075 0.058 -0.066
100000000000.0 -3.703 -4.516 9.869 -0.478 0.481 0.987 -0.018 -0.032 0.011
100000000000.0 -2.643 2.380 9.503 -0.639 0.272 0.597 0.004 0.089 -0.062
100000000000.0 -6.726 -3.535 1.916 -0.212 -0.801 -0.355 0.033 0.014 0.096
100000000000.0 -8.093 6.603 0.019 0.536 0.449 -0.158 0.009 -0.056 -0.014
100000000000.0 -1.606 -1.281 3.494 -0.557 -0.557 0.299 -0.096 -0.062 0.089
100000000000.0 5.567 8.172 -3.068 0.412 -0.045 0.847 0.084 -0.097 0.036
100000000000.0 -7.808 -2.381 -5.446 0.070 -0.680 0.972 -0.058 -0.071 -0.006
100000000000.0 -0.399 6.341 8.516 0.150 0.891 0.950 0.056 0.011 -0.093
100000000000.0 -5.424 -3.679 5.856 0.693 -0.640 0.005 0.090 0.076 0.060
100000000000.0 3.111 -2.808 8.066 0.335 -0.089 -0.484 -0.088 0.054 0.001
100000000000.0 6.725 -8.825 -1.330 0.531 -0.395 -0.069 -0.038 0.057 0.044
100000000000.0 -6.025 -9.856 -0.631 -0.346 0.894 0.668 0.094 -0.053 0.016
100000000000.0 2.582 6.583 7.352 0.495 -0.281 0.050 0.062 -0.028 0.070
100000000000.0 0.877 -7.775 6.322 0.955 0.610 -0.281 -0.092 0.004 -0.053
100000000000.0 8.599 -3.616 0.020 0.031 -0.820 0.891 0.040 -0.072 0.004
100000000000.0 5.437 9.121 -5.935 -0.915 0.589 -0.600 0.099 0.083 -0.050
100000000000.0 7.217 7.710 -0.177 -0.048 0.528 0.751 -0.074 -0.065 -0.040
100000000000.0 3.418 -2.527 -4.690 0.057 0.531 0.321 -0.063 0.088 0.043
100000000000.0 -2.989 9.712 1.285 -0.445 0.533 -0.316 0.024 -0.037 0.019
100000000000.0 9.744 -9.199 2.955 -0.480 0.625 0.914 0.061 0.048 -0.047
100000000000.0 -9.409 3.589 7.847 -0.166 0.609 -0.365 -0.058 0.092 0.019
100000000000.0 7.779 3.485 -5.150 0.549 -0.865 0.785 0.001 0.010 0.057
100000000000.0 -4.072 7.395 3.028 -0.859 0.552 0.417 0.045 0.056 -0.055
100000000000.0 -5.496 -1.164 8.474 0.082 -0.180 0.016 -0.061 -0.094 0.066
100000000000.0 -6.555 3.451 -0.666 0.527 0.320 -0.576 0.031 0.058 -0.036
100000000000.0 -6.085 -5.438 -8.354 0.963 0.168 0.903 -0.038 0.029 -0.060
100000000000.0 1.708 9.953 -2.491 0.788 -0.742 0.753 0.058 0.071 -0.077
100000000000.0 4.000 4.177 4.863 -0.878 0.625 -0.501 0.034 -0.092 0.036
100000000000.0 7.535 -2.843 -3.647 -0.785 0.093 -0.626 -0.060 -0.062 -0.058
100000000000.0 -7.340 -1.159 7.579 0.794 -0.905 0.827 -0.081 -0.006 0.004
100000000000.0 7.919 -2.946 -0.095 0.450 -0.482 0.397 0.063 0.040 -0.020
100000000000.0 1.309 -1.320 -5.779 0.279 -0.590 -0.063 0.098 0.094 0.071
100000000000.0 -6.891 -5.897 -3.343 -0.905 -0.907 0.254 -0.066 0.011 0.028
100000000000.0 1.045 -1.491 6.491 0.618 -0.714 0.742 0.038 0.065 -0.028
100000000000.0 -8.320 4.296 -1.571 -0.623 -0.153 -0.368 0.090 0.014 0.050
100000000000.0 -8.140 1.317 -6.116 -0.288 -0.806 -0.391 0.082 0.052 -0.085
100000000000.0 6.141 -6.432 4.775 -0.680 -0.688 -0.453 -0.097 -0.095 -0.063
100000000000.0 1.798 -7.818 -5.197 0.343 0.992 -0.772 0.050 -0.053 -0.081
100000000000.0 -2.611 -3.886 -7.834 -0.352 0.862 -0.686 -0.087 0.096 -0.039
100000000000.0 -5.614 -9.762 -1.093 -0.481 0.652 0.667 -0.041 -0.031 -0.054
100000000000.0 3.011 -5.712 0.919 0.710 0.170 -0.174 0.035 -0.065 0.041
100000000000.0 6.771 2.674 -4.254 0.603 -0.903 -0.543 -0.025 -0.046 -0.045
100000000000.0 5.071 4.715 1.157 -0.300 0.236 -0.777 -0.005 -0.047 -0.082
100000000000.0 8.971 -3.301 -9.111 -0.491 0.100 0.641 0.025 0.067 -0.067
100000000000.0 0.713 2.171 -6.090 -0.691 -0.917 -0.915 0.032 0.003 0.017
100000000000.0 -0.094 1.474 -4.105 -0.244 -0.896 0.035 0.099 -0.023 -0.080
100000000000.0 7.484 -8.924 -1.085 -0.144 -0.105 0.572 -0.052 0.056 0.000
100000000000.0 6.926 2.375 -7.729 0.555 0.304 0.829 0.018 -0.016 -0.067
100000000000.0 -0.972 -5.582 -3.923 -0.696 0.234 0.691 0.011 -0.035 0.053
100000000000.0 -1.755 -0.046 5.470 -0.334 0.939 -0.850 0.003 -0.046 -0.002
100000000000.0 -8.151 3.013 -1.733 -0.965 -0.948 0.646 0.070 -0.058 -0.005
100000000000.0 -9.826 3.514 -0.971 0.956 -0.801 -0.672 -0.028 0.030 -0.096
100000000000.0 -3.596 -7.143 -3.217 0.493 0.483 0.101 -0.071 0.038 0.091
100000000000.0 -6.097 -0.437 6.557 0.153 0.561 -0.400 0.073 -0.097 -0.021
100000000000.0 0.812 -8.345 2.635 0.308 -0.676 -0.344 0.044 -0.009 0.076
100000000000.0 8.192 7.084 6.305 0.677 0.795 -0.219 0.054 -0.069 -0.042
100000000000.0 -7.295 -3.663 7.272 -0.475 0.745 0.793 0.089 -0.099 -0.029
100000000000.0 6.906 4.429 0.873 -0.410 0.906 -0.467 -0.041 0.057 0.051
100000000000.0 -9.314 -6.235 -5.480 0.992 0.413 -0.893 -0.038 -0.068 0.081
100000000000.0 -6.738 -1.953 9.252 0.052 0.349 0.976 -0.025 0.099 -0.043
100000000000.0 9.214 -5.090 -6.165 0.048 0.047 -0.167 0.012 0.079 -0.085
100000000000.0 -1.136 -1.484 -6.786 0.878 0.416 -0.907 0.063 -0.019 0.053
100000000000.0 6.563 7.984 1.170 0.795 -0.841 0.827 -0.081 -0.069 0.083
100000000000.0 8.966 -4.183 -8.636 0.160 -0.133 -0.357 -0.005 0.061 -0.020
100000000000.0 -6.470 -8.957 7.557 -0.758 -0.856 -0.928 0.079 -0.066 0.072
100000000000.0 -8.358 4.503 -1.357 0.530 -0.938 0.838 -0.087 0.094 0.044
100000000000.0 3.952 1.911 6.874 -0.160 -0.900 -0.307 0.015 -0.077 -0.088
100000000000.0 -6.229 8.410 -2.180 0.006 -0.862 0.835 -0.034 0.056 -0.052
100000000000.0 -9.418 7.343 4.137 -0.285 -0.993 0.919 -0.032 -0.009 -0.009
100000000000.0 -8.049 -0.263 -6.743 0.394 0.753 -0.160 0.061 -0.011 0.080
100000000000.0 -4.405 -4.871 0.784 -0.145 0.735 0.611 0.070 -0.062 -0.086
100000000000.0 3.587 8.479 -6.991 -0.939 0.332 0.176 -0.068 -0.016 0.092
100000000000.0 -8.608 -7.715 6.193 0.839 -0.030 0.803 -0.084 0.094 -0.010
100000000000.0 0.930 -9.234 -4.012 -0.171 -0.227 0.378 0.062 -0.093 0.019
100000000000.0 -5.856 -7.113 -6.695 -0.903 0.645 -0.650 0.037 -0.004 0.067
100000000000.0 7.686 9.764 9.909 0.163 0.768 -0.005 -0.017 -0.046 0.032
100000000000.0 -8.310 -8.954 1.093 -1.000 0.674 -0.547 0.030 0.042 0.094
100000000000.0 0.582 3.650 -7.352 -0.907 -0.365 -0.295 -0.054 -0.013 0.076
100000000000.0 1.015 -3.184 3.485 -0.968 -0.187 -0.346 0.022 0.042 -0.048
100000000000.0 9.106 1.753 -2.014 -0.511 0.156 -0.308 0.051 0.033 0.015
100000000000.0 -3.836 5.878 3.188 -0.041 -0.378 0.836 0.059 -0.086 -0.072
100000000000.0 9.208 2.268 -2.768 0.312 -0.130 0.854 0.082 0.093 -0.086
100000000000.0 5.269 -6.807 -7.295 0.836 0.319 0.854 0.016 -0.012 -0.005
100000000000.0 7.542 4.940 5.090 -0.123 0.040 -0.286 -0.041 0.064 0.012
100000000000.0 -3.040 -8.801 8.416 0.777 -0.048 -0.390 0.044 -0.008 0.001
100000000000.0 -9.050 0.758 4.897 0.786 -0.917 -0.205 -0.086 -0.072 -0.008
100000000000.0 9.501 -0.533 8.269 -0.138 -0.579 0.756 -0.058 -0.039 0.092
100000000000.0 -7.114 -0.411 9.657 -0.855 -0.838 -0.774 0.005 -0.090 0.079
100000000000.0 -0.390 -9.544 2.123 -0.644 0.983 -0.825 -0.036 0.039 0.096
100000000000.0 -5.268 7.589 -9.486 -0.060 -0.449 0.569 0.013 0.053 -0.039
100000000000.0 -4.966 1.636 -4.778 -0.228 -0.514 0.694 0.004 -0.035 -0.016
100000000000.0 -2.662 2.209 8.245 0.253 -0.034 -0.914 -0.020 0.089 -0.077
100000000000.0 -5.295 -0.298 -5.330 0.684 0.104 -0.460 0.072 0.045 0.008
100000000000.0 4.881 -7.559 -4.580 0.382 -0.365 0.438 -0.074 -0.025 -0.006
100000000000.0 0.663 -5.868 -5.319 -0.418 0.553 0.178 -0.029 0.061 -0.081
100000000000.0 -8.623 9.716 -3.074 0.365 0.803 -0.860 -0.095 -0.096 0.096
100000000000.0 -6.305 -8.875 4.114 -0.016 -0.833 -0.581 -0.040 -0.020 -0.093
100000000000.0 -3.803 4.991 0.827 -0.775 0.116 0.315 -0.074 0.090 -0.062
100000000000.0 8.082 -3.396 2.871 -0.044 -0.318 -0.848 -0.019 -0.062 0.009
100000000000.0 -8.727 7.346 -2.596 0.458 -0.217 0.041 0.068 0.052 0.063
100000000000.0 -1.164 1.502 5.473 0.978 -0.508 -0.091 0.065 0.072 0.015
100000000000.0 -8.318 -8.288 6.125 0.088 0.999 0.573 -0.009 0.069 -0.059
100000000000.0 7.381 3.680 -4.604 0.192 -0.882 0.936 -0.016 0.090 -0.057
100000000000.0 5.160 1.145 4.762 -0.023 0.240 -0.316 -0.020 -0.079 0.052
100000000000.0 -3.913 -7.984 -6.596 0.920 -0.784 0.112 0.050 0.036 0.053
100000000000.0 -5.783 -9.196 -7.387 -0.707 0.650 0.924 0.066 0.100 -0.028
100000000000.0 8.297 -0.960 -3.598 -0.490 -0.568 0.036 -0.032 -0.043 0.084
100000000000.0 -4.094 9.578 -8.942 -0.782 0.222 0.330 -0.012 0.024 -0.039
100000000000.0 1.458 4.734 -0.494 -0.830 -0.501 0.776 0.081 -0.011 -0.000
100000000000.0 -4.332 8.785 1.572 -0.801 0.958 -1.000 -0.058 0.037 0.000
100000000000.0 -0.734 6.915 0.605 -0.623 -0.848 -0.330 -0.001 -0.061 0.030
100000000000.0 0.475 -6.276 8.355 0.293 -0.353 -0.192 -0.028 -0.041 -0.050
100000000000.0 4.038 8.425 2.431 -0.176 -1.000 0.896 -0.068 0.002 0.077
100000000000.0 -2.537 -3.923 -6.907 0.822 -0.651 -0.378 -0.073 0.075 0.044
100000000000.0 9.340 -3.218 4.352 -0.082 -0.531 -0.908 0.075 0.020 -0.027
100000000000.0 4.850 -2.969 6.780 -0.228 -0.511 -0.688 0.040 -0.043 -0.059
100000000000.0 -1.219 -8.591 -6.560 0.096 0.411 -0.062 -0.078 0.017 0.088
100000000000.0 -7.295 4.353 9.303 0.182 -0.943 0.647 0.076 -0.015 -0.018
100000000000.0 9.314 1.401 -7.866 -0.780 -0.310 -0.252 0.084 0.055 -0.080
100000000000.0 -2.474 -6.950 -1.015 0.413 -0.522 -0.790 0.098 0.086 -0.038
100000000000.0 -9.969 2.357 7.328 -0.314 -0.733 0.426 -0.072 0.056 0.021
100000000000.0 4.848 -3.290 -2.386 0.693 -0.597 -0.662 0.077 0.072 0.020
100000000000.0 0.830 -2.778 -5.646 0.832 -0.815 0.673 0.054 -0.090 -0.051
100000000000.0 3.559 6.120 2.780 -0.790 0.717 0.722 -0.062 0.063 -0.002
100000000000.0 -6.904 -4.839 -9.731 0.555 -0.169 -0.119 0.059 0.048 -0.060
100000000000.0 0.620 3.903 -7.589 -0.894 0.961 0.992 -0.092 -0.011 0.063
100000000000.0 -0.633 -7.970 1.230 0.484 -0.431 0.398 0.002 -0.029 0.070
100000000000.0 2.911 -6.403 -2.795 -0.355 -0.665 0.681 0.023 0.075 -0.057
100000000000.0 -9.359 -5.247 7.675 0.714 0.555 -0.627 -0.052 0.062 0.088
100000000000.0 -4.411 7.573 5.643 0.757 0.760 0.448 -0.028 -0.005 0.064
100000000000.0 -7.603 7.988 -1.615 -0.636 0.645 0.752 -0.091 -0.035 0.070
100000000000.0 2.104 2.031 -9.548 0.693 -0.350 0.406 -0.051 -0.028 0.040
100000000000.0 -3.163 1.260 -8.637 -0.685 0.146 -0.831 -0.034 -0.050 0.049
100000000000.0 -6.320 -4.580 -3.216 -0.283 0.971 0.045 -0.064 -0.083 -0.019
100000000000.0 -4.720 -2.925 0.536 0.805 -0.277 -0.849 0.038 0.082 -0.094
100000000000.0 -0.290 -5.173 8.771 0.239 -0.100 -0.325 -0.005 0.042 0.018
100000000000.0 -7.284 -1.281 -1.001 0.539 0.540 -0.991 0.011 0.015 -0.094
100000000000.0 3.316 -3.644 -4.652 -0.959 0.094 -0.721 -0.086 -0.013 -0.012
100000000000.0 -2.965 5.883 7.375 -0.151 0.185 0.088 0.005 -0.023 0.084
100000000000.0 3.191 -7.333 -4.007 -0.075 0.794 0.740 0.040 0.046 -0.025
100000000000.0 -0.034 8.344 9.610 0.188 -0.892 -0.919 0.007 -0.062 -0.006
100000000000.0 0.963 -8.937 -3.619 -0.531 0.501 -0.305 -0.084 0.026 -0.032
100000000000.0 -4.262 -9.995 0.982 0.320 0.198 0.217 0.084 -0.089 -0.020
100000000000.0 -8.115 -3.432 -3.513 0.954 0.062 0.695 0.071 -0.079 -0.032
100000000000.0 7.925 -3.446 1.700 0.408 -0.538 0.345 0.083 0.075 -0.060
100000000000.0 -5.178 9.180 -5.424 -0.983 0.341 0.676 -0.028 -0.078 -0.008
100000000000.0 8.720 9.375 -5.093 -0.495 0.117 -0.410 0.086 -0.082 -0.049
100000000000.0 -1.341 3.597 1.047 0.137 0.193 0.958 0.055 0.067 -0.056
100000000000.0 -7.540 0.779 9.350 -0.877 0.669 0.436 0.012 -0.085 -0.050
100000000000.0 9.065 -1.937 -5.265 -0.229 -0.958 -0.028 -0.015 0.015 -0.070
100000000000.0 -5.519 0.097 3.736 -0.739 0.228 -0.229 -0.074 -0.095 0.018
100000000000.0 -3.201 9.934 9.251 -0.605 0.521 0.673 -0.090 -0.002 0.064
100000000000.0 2.207 -9.454 -2.366 -0.754 -0.461 -0.818 0.074 0.069 0.023
100000000000.0 9.573 -3.840 3.388 -0.230 -0.593 0.334 -0.014 0.015 0.056
100000000000.0 -2.119 0.082 -6.054 -0.475 0.923 0.221 0.083 0.032 0.008
100000000000.0 -2.953 9.721 -1.623 0.467 -0.957 -0.540 0.082 0.019 -0.009
100000000000.0 7.226 8.280 -7.166 0.892 0.086 -0.348 -0.000 -0.051 -0.079
100000000000.0 -9.446 0.411 6.649 0.106 0.656 0.940 0.039 0.023 0.052
100000000000.0 -5.094 -5.461 -8.666 -0.146 -0.413 0.418 -0.034 0.060 -0.099
100000000000.0 3.504 -0.744 1.211 0.535 0.916 -0.065 0.093 -0.030 0.076
100000000000.0 1.346 3.544 -9.246 -0.348 -0.926 -0.530 0.079 -0.010 -0.060
100000000000.0 7.027 -6.830 2.022 -0.805 0.443 -0.410 -0.066 0.014 0.019
100000000000.0 -6.757 -9.146 2.005 -0.887 0.437 -0.092 0.060 -0.007 0.075
100000000000.0 -4.438 -2.104 -6.665 -0.045 -0.767 0.836 0.049 -0.050 -0.056
100000000000.0 -8.443 -8.345 -6.602 0.310 -0.241 -0.536 -0.060 0.000 0.029
100000000000.0 -4.960 7.395 0.091 -0.543 -0.258 -0.846 0.080 -0.039 0.059
100000000000.0 3.562 -2.885 -9.960 0.282 0.168 -0.805 0.069 0.073 0.065
100000000000.0 6.526 4.035 -1.047 -0.468 -0.858 -0.713 0.046 -0.020 -0.040
100000000000.0 8.054 4.261 9.313 0.649 0.296 -0.657 -0.062 0.001 0.096
100000000000.0 1.139 -4.182 -5.557 -0.135 -0.063 -0.540 -0.076 -0.029 -0.058
100000000000.0 9.058 5.946 -3.811 0.300 0.904 0.476 0.097 0.028 -0.061
100000000000.0 -9.050 8.531 -0.512 0.919 -0.704 0.697 -0.027 0.018 -0.092
100000000000.0 -7.862 -0.767 5.867 -0.796 -0.613 0.785 -0.084 0.026 0.079
100000000000.0 -5.255 -8.411 1.379 0.082 0.450 0.512 -0.030 0.062 0.100
100000000000.0 1.430 -4.905 -6.897 0.683 0.757 -0.330 -0.028 0.064 0.043
100000000000.0 5.425 8.429 -8.788 -0.381 0.390 -0.907 -0.043 0.050 0.096
100000000000.0 7.115 -3.595 3.881 -0.893 0.893 -0.479 0.071 -0.081 0.018
100000000000.0 -3.721 7.054 8.656 0.471 0.940 -0.648 -0.063 0.027 -0.076
100000000000.0 7.584 -3.172 5.211 0.127 0.966 -0.336 0.049 -0.075 -0.073
100000000000.0 9.177 8.894 -3.459 -0.372 -0.711 -0.731 0.046 0.028 -0.097
100000000000.0 5.332 -0.212 8.029 0.289 -0.143 0.718 0.089 0.028 -0.027
100000000000.0 -4.052 -5.750 -9.649 -0.441 0.257 0.429 -0.065 0.051 -0.034
100000000000.0 -1.791 4.803 -8.828 -0.008 0.993 -0.127 0.086 -0.005 0.069
100000000000.0 -9.516 0.566 2.174 -0.402 -0.475 0.283 -0.080 0.079 -0.092
100000000000.0 9.791 1.806 -8.950 -0.819 0.513 0.250 -0.052 -0.093 -0.019
100000000000.0 -3.952 -1.065 -3.640 -0.767 0.672 -0.354 0.008 0.053 0.024
100000000000.0 2.334 3.607 -1.975 -0.860 0.078 0.331 -0.054 -0.090 -0.073
100000000000.0 1.194 -6.214 9.812 0.367 -0.016 0.246 0.057 0.012 -0.006
100000000000.0 8.538 2.288 6.460 0.424 -0.350 -0.082 0.032 -0.067 0.049
100000000000.0 6.638 2.673 -4.044 -0.191 0.047 -0.075 -0.011 0.027 -0.089
100000000000.0 -3.126 0.039 1.794 -0.689 0.950 -0.581 0.021 -0.094 0.077
100000000000.0 5.000 -1.621 -3.202 0.634 -0.059 0.532 0.015 0.054 -0.040
100000000000.0 -4.237 0.579 -6.757 -0.938 0.900 -0.882 0.005 -0.065 0.060
100000000000.0 -4.900 -7.934 4.164 -0.464 0.614 -0.115 0.075 0.083 0.002
100000000000.0 -0.732 -9.895 4.014 0.562 -0.775 0.031 0.043 -0.077 0.005
100000000000.0 5.646 -9.294 -7.922 -0.587 0.741 0.941 0.031 -0.030 0.090
100000000000.0 -4.975 -6.906 -0.188 0.607 0.006 -0.778 -0.025 0.055 0.061
100000000000.0 -2.405 6.323 -7.038 -0.833 -0.553 -0.234 -0.078 0.001 0.059
100000000000.0 0.071 6.384 -4.756 -0.616 -0.749 -0.921 0.029 -0.038 0.038
100000000000.0 1.180 -0.312 5.188 0.056 0.853 0.110 0.065 -0.032 -0.010
100000000000.0 -3.430 1.106 -1.304 -0.384 -0.205 0.671 -0.021 -0.088 0.094
100000000000.0 -4.339 -0.662 -2.690 0.329 -0.837 -0.440 0.071 0.050 0.097
100000000000.0 8.572 1.772 -2.272 -0.173 -0.380 0.783 0.010 -0.058 -0.026
100000000000.0 7.299 -4.368 7.414 0.951 0.076 0.458 -0.014 -0.029 -0.039
100000000000.0 -7.486 -9.826 -5.101 0.328 0.340 -0.587 -0.043 -0.005 -0.051
100000000000.0 -3.110 -6.496 -9.505 0.916 0.726 -0.500 -0.017 -0.088 0.021
100000000000.0 5.490 8.247 -2.095 0.273 0.303 -0.171 0.063 0.051 -0.088
100000000000.0 7.428 -6.442 -3.516 0.193 0.326 -0.978 0.062 -0.001 -0.079
100000000000.0 -2.031 -6.091 -5.732 0.588 -0.260 0.593 -0.086 0.087 -0.099
100000000000.0 2.137 3.568 -1.001 -0.678 0.865 -0.460 0.065 0.076 0.038
100000000000.0 -2.169 -7.035 1.561 0.213 -0.451 -0.148 -0.047 0.098 -0.076
100000000000.0 6.641 -4.626 -0.528 0.899 -0.400 0.166 0.068 -0.091 -0.066
100000000000.0 -8.211 -8.480 7.958 0.504 0.030 0.518 0.026 0.032 0.056
100000000000.0 -5.046 -9.034 8.160 -0.864 -0.961 -0.403 0.074 -0.076 0.013
100000000000.0 -2.716 -4.380 5.168 -0.490 -0.742 0.531 -0.012 -0.047 0.041
100000000000.0 -3.569 8.698 -0.450 0.453 0.158 -0.947 -0.089 -0.081 0.088
100000000000.0 8.497 9.084 -2.810 -0.982 0.607 0.471 -0.011 0.024 -0.078
100000000000.0 5.689 -0.723 -6.222 0.095 -0.596 0.229 0.017 0.080 0.008
100000000000.0 3.689 9.333 0.105 -0.575 -0.008 0.736 -0.003 0.100 0.071
100000000000.0 -6.976 -0.266 -5.146 0.676 -0.850 0.575 -0.099 -0.027 -0.035
100000000000.0 7.462 0.952 7.259 0.566 -0.490 -0.812 -0.042 0.022 -0.075
100000000000.0 9.526 7.513 -3.536 0.205 0.997 -0.753 0.004 -0.046 0.068
100000000000.0 4.072 -3.464 1.101 -0.815 0.058 -0.025 -0.073 -0.068 0.064
100000000000.0 -2.309 -6.509 -8.777 0.729 0.872 0.104 -0.063 0.094 0.046
100000000000.0 -7.672 -0.364 8.117 -0.603 0.888 -0.082 0.014 0.019 -0.047
100000000000.0 5.099 2.170 -3.887 -0.808 0.899 0.219 0.094 0.082 0.082
100000000000.0 0.105 2.194 4.619 0.125 -0.545 -0.954 -0.090 0.014 0.019
100000000000.0 4.669 -1.008 -3.712 0.132 -0.150 0.747 -0.022 -0.091 -0.096
100000000000.0 6.672 -4.210 -9.349 0.950 0.771 -0.906 -0.063 -0.076 0.024
100000000000.0 9.814 -7.308 5.284 -0.449 0.367 -0.523 -0.029 -0.071 -0.098
100000000000.0 -2.115 -1.164 -9.102 0.908 -0.799 0.515 0.021 -0.033 0.050
100000000000.0 -4.373 -4.924 3.343 0.024 -0.214 0.398 -0.058 0.080 0.090
100000000000.0 -8.692 5.342 -3.929 -0.733 0.524 0.753 -0.006 -0.017 -0.070
100000000000.0 -3.847 -6.607 -7.833 -0.722 -0.175 -0.578 -0.027 -0.034 -0.030
100000000000.0 -7.252 4.568 -2.148 0.258 -0.984 0.987 -0.092 -0.058 -0.046
100000000000.0 -4.141 9.618 2.873 -0.365 0.659 0.845 -0.031 0.019 -0.084
100000000000.0 8.236 -2.476 5.633 -0.082 0.032 -0.075 -0.031 -0.012 0.036
100000000000.0 5.130 3.940 -3.237 0.923 -0.404 -0.050 -0.095 -0.029 -0.054
100000000000.0 -1.851 1.675 -2.771 -0.386 -0.898 0.961 -0.080 0.003 0.044
100000000000.0 4.202 -8.789 -0.427 -0.375 0.480 0.208 0.096 -0.031 0.049
100000000000.0 -2.490 4.383 1.842 -0.256 -0.041 0.071 0.006 -0.022 0.075
100000000000.0 4.029 5.771 6.963 0.037 0.691 0.793 -0.049 -0.080 -0.021
100000000000.0 -2.352 -0.921 6.107 0.713 0.458 0.222 -0.004 -0.088 0.049
100000000000.0 -2.787 -0.748 -5.867 0.366 -0.685 -0.420 -0.027 -0.086 0.030
100000000000.0 2.009 3.759 -5.668 -0.724 0.883 -0.406 -0.071 0.026 0.059
100000000000.0 2.814 5.575 -6.443 -0.290 0.271 -0.350 0.061 -0.018 0.060
100000000000.0 -5.515 -1.563 2.397 -0.690 0.142 -0.347 0.045 -0.023 -0.100
100000000000.0 2.519 -2.862 -6.761 0.713 -0.635 0.516 0.089 0.037 0.034
100000000000.0 -1.440 1.012 5.470 0.579 -0.915 -0.327 -0.081 -0.024 0.052
100000000000.0 -6.171 -8.896 -3.120 0.769 0.284 -0.992 0.056 0.029 -0.035
100000000000.0 9.920 3.463 -1.586 -0.857 0.004 0.390 -0.031 -0.001 0.029
100000000000.0 -4.725 9.225 -0.326 -0.209 -0.055 -0.610 0.033 0.081 0.061
100000000000.0 2.507 -1.620 4.397 -0.193 -0.461 -0.946 -0.004 -0.070 -0.078
100000000000.0 -9.996 -2.945 -6.482 0.019 -0.049 0.895 -0.034 -0.014 -0.026
100000000000.0 -9.718 1.477 -5.210 -0.860 -0.599 -0.688 0.063 0.062 -0.005
100000000000.0 0.045 9.938 3.068 0.489 0.102 0.440 -0.088 0.004 -0.006
100000000000.0 -1.002 3.776 3.902 0.856 -0.480 0.586 -0.078 -0.050 -0.043
100000000000.0 8.792 -7.229 3.375 0.217 -0.170 0.156 -0.042 0.016 0.091
100000000000.0 1.128 -2.737 5.430 -0.330 -0.963 0.957 0.003 0.098 -0.055
100000000000.0 -0.513 -1.761 1.486 0.662 -0.947 0.757 0.035 0.063 0.029
100000000000.0 -5.486 1.324 -9.946 0.024 -0.083 -0.728 0.045 -0.026 -0.072
100000000000.0 -3.798 -1.159 6.697 -0.050 0.438 0.954 0.045 -0.093 0.012
100000000000.0 3.532 -3.766 -4.762 0.104 0.883 -0.227 0.051 0.048 -0.015
100000000000.0 -9.940 -8.659 0.679 -0.477 0.465 -0.776 0.050 -0.009 0.014
100000000000.0 -6.990 6.966 5.102 0.419 0.139 -0.133 -0.044 0.048 -0.042
100000000000.0 -0.525 -1.268 9.471 -0.947 -0.397 -0.310 -0.096 0.072 0.035
100000000000.0 -3.836 -5.388 -1.377 0.010 0.994 0.420 0.029 -0.098 0.068
100000000000.0 -1.871 -6.757 2.600 0.972 0.665 0.888 -0.070 0.068 -0.077
100000000000.0 8.956 -6.773 2.372 0.701 0.111 0.156 -0.001 0.041 0.032
100000000000.0 7.080 6.131 -0.858 0.940 0.157 0.749 -0.085 0.040 -0.053
100000000000.0 -4.538 7.032 4.308 -0.101 0.770 -0.679 0.044 0.097 -0.065
100000000000.0 -9.749 3.952 -2.232 0.353 -0.485 0.995 0.012 -0.007 0.069
100000000000.0 -5.350 -8.136 7.899 0.318 -0.366 0.632 0.068 -0.074 -0.004
100000000000.0 1.427 1.335 -1.163 -0.494 0.549 0.789 -0.053 -0.056 -0.005
100000000000.0 -4.223 6.815 4.269 0.234 -0.501 0.231 -0.053 0.028 -0.033
100000000000.0 -8.480 4.631 -6.052 0.499 -0.199 -0.680 0.029 0.053 -0.077
100000000000.0 -4.523 8.002 -5.118 -0.754 0.270 -0.814 -0.079 0.025 0.075
100000000000.0 2.483 0.037 -4.852 -0.864 0.215 -0.848 0.075 0.074 0.084
100000000000.0 -1.150 4.388 5.120 0.027 0.710 -0.385 0.063 0.006 -0.043
100000000000.0 3.276 0.090 7.993 -0.569 0.352 0.574 -0.079 0.048 0.037
100000000000.0 -9.353 -1.694 5.300 -0.470 -0.720 0.595 -0.085 -0.019 0.006
100000000000.0 7.306 -1.371 -6.535 0.414 0.169 0.469 0.020 -0.075 -0.033
100000000000.0 -5.018 0.728 -1.929 -0.851 -0.311 -0.667 -0.080 0.077 0.005
100000000000.0 -4.036 -0.021 9.789 0.145 -0.939 -0.500 0.099 0.090 0.071
100000000000.0 2.991 -8.644 9.512 0.391 -0.453 -0.845 -0.090 -0.092 0.092
100000000000.0 -2.011 0.397 6.565 -0.518 0.765 -0.657 0.058 0.027 -0.045
100000000000.0 -7.952 0.879 -0.792 -0.821 0.269 0.174 0.093 0.058 0.024
100000000000.0 3.452 -7.574 3.588 0.629 0.737 0.272 -0.003 0.075 -0.019
100000000000.0 5.648 3.542 6.493 0.212 0.373 -0.028 -0.085 -0.036 -0.075
100000000000.0 -5.529 -9.557 6.772 0.237 -0.125 0.181 -0.053 0.050 -0.097
100000000000.0 6.751 -6.591 -4.348 -0.696 -0.248 0.011 -0.089 0.001 -0.022
100000000000.0 -5.475 -3.433 4.326 -0.780 0.276 -0.652 0.041 0.023 0.058
100000000000.0 2.399 -8.198 0.079 -0.519 -0.500 0.913 -0.084 0.064 0.023
100000000000.0 9.914 -3.458 2.589 0.536 -0.629 -0.743 -0.078 -0.025 0.004
100000000000.0 4.101 -4.507 -4.797 0.475 -0.047 -0.661 0.053 -0.094 -0.029
100000000000.0 9.822 8.359 2.505 0.420 -0.631 -0.400 0.016 -0.008 0.040
100000000000.0 -3.117 9.339 -9.978 -0.964 0.337 -0.328 0.064 -0.040 0.063
100000000000.0 -4.926 9.755 7.615 -0.774 -0.374 -0.637 -0.090 -0.096 -0.065
100000000000.0 -0.162 0.753 -9.790 0.480 -0.099 0.971 -0.086 -0.083 0.092
100000000000.0 2.974 -1.094 -0.592 0.170 -0.887 -0.051 -0.096 -0.076 -0.072
100000000000.0 -5.355 -4.675 -0.049 0.091 0.171 -0.829 0.009 0.039 0.073
100000000000.0 -8.859 -1.328 -5.156 -0.413 -0.521 -0.140 -0.028 0.010 -0.055
100000000000.0 3.736 0.392 5.027 0.599 0.978 0.564 -0.015 0.062 0.068
100000000000.0 3.615 4.548 9.542 0.552 0.606 0.363 -0.050 -0.020 -0.041
100000000000.0 1.329 9.863 -8.449 -0.065 -0.035 0.481 0.074 0.030 -0.030
100000000000.0 -1.974 -1.252 -4.968 -0.056 0.475 -0.679 -0.063 -0.008 0.023
100000000000.0 8.710 -3.563 -0.312 0.817 -0.407 -0.370 -0.083 0.000 -0.078
100000000000.0 2.460 9.020 5.663 0.579 0.593 -0.113 -0.005 -0.044 -0.028
100000000000.0 3.672 0.157 2.614 -0.710 -0.604 0.419 -0.018 0.094 -0.035
100000000000.0 5.639 -8.767 9.089 0.295 0.800 0.764 -0.035 0.048 0.068
100000000000.0 -8.402 4.674 -6.937 0.227 0.836 -0.511 0.024 -0.066 -0.081
100000000000.0 -5.276 5.758 4.984 -0.746 -0.100 -0.329 0.032 -0.098 -0.030
100000000000.0 -6.145 8.992 -4.317 0.740 0.460 0.242 -0.066 -0.010 0.054
100000000000.0 -7.767 -9.695 -7.928 0.091 0.854 -0.346 0.065 0.028 0.004
100000000000.0 -6.878 -2.287 2.605 0.614 -0.747 -0.911 0.078 -0.025 0.071
100000000000.0 -1.642 -1.209 9.010 0.396 0.009 -0.098 0.009 -0.066 0.072
100000000000.0 -0.897 -1.423 -9.290 0.860 0.005 -0.598 0.008 0.051 0.090
100000000000.0 4.030 -5.770 -8.848 0.650 -0.573 -0.381 -0.030 0.085 -0.072
100000000000.0 -1.119 -0.350 4.716 -0.421 -0.086 -0.026 -0.096 0.010 -0.013
100000000000.0 9.277 -3.546 2.696 0.474 0.670 0.050 -0.037 -0.033 0.074
100000000000.0 -5.848 4.647 -5.001 -0.725 0.810 0.745 -0.012 0.058 0.070
100000000000.0 6.981 1.902 -3.721 -0.786 0.894 -0.482 -0.031 -0.090 -0.005
100000000000.0 -0.296 -1.813 0.367 0.336 0.502 0.863 -0.042 -0.001 -0.062
100000000000.0 5.268 -5.930 -9.652 0.009 -0.343 -0.079 0.040 -0.046 -0.069
100000000000.0 4.337 -3.984 -2.664 0.190 0.398 -0.512 0.072 -0.063 0.079
100000000000.0 4.723 0.599 2.339 -0.814 0.730 -0.334 0.048 0.085 0.005
100000000000.0 5.005 -5.107 6.047 0.318 -0.007 0.720 -0.099 0.067 0.008
100000000000.0 9.878 8.274 -9.882 0.835 -0.623 0.197 -0.037 -0.018 -0.065
100000000000.0 7.866 -2.588 0.460 0.766 -0.840 0.996 0.078 0.071 -0.005
100000000000.0 -5.423 7.676 -9.730 -0.305 0.403 -0.463 0.091 0.048 -0.082
100000000000.0 -2.782 8.758 4.798 0.299 0.473 -0.532 -0.064 -0.047 -0.095
100000000000.0 8.068 -9.952 -3.135 -0.855 0.289 0.003 -0.089 0.089 0.007
100000000000.0 -3.040 4.274 -1.281 0.054 -0.524 0.821 -0.064 -0.044 -0.093
100000000000.0 -4.500 5.325 1.653 0.092 -0.962 -0.873 0.055 -0.047 0.071
100000000000.0 -6.835 9.979 -4.441 0.231 0.163 0.913 -0.081 0.027 0.027
100000000000.0 2.633 -2.703 0.909 0.801 0.281 -0.919 0.068 0.070 -0.082
100000000000.0 -7.666 9.810 3.604 0.461 -0.865 -0.006 -0.018 -0.091 0.050
100000000000.0 0.413 5.368 -9.357 0.888 0.807 0.509 0.054 -0.042 -0.058
100000000000.0 2.174 5.001 3.603 -0.015 -0.578 -0.195 0.029 -0.066 0.003
100000000000.0 -1.118 -1.528 4.322 0.748 0.641 0.675 0.094 -0.043 -0.099
100000000000.0 3.770 2.609 -7.579 -0.568 -0.497 0.754 0.090 -0.092 -0.071
100000000000.0 -8.317 -0.200 8.874 0.263 -0.930 -0.980 0.064 0.075 0.027
100000000000.0 -9.856 -0.589 -1.572 0.106 -0.382 -0.966 -0.087 -0.079 -0.028
100000000000.0 7.124 8.984 1.219 -0.261 -0.048 0.571 -0.081 0.010 0.064
100000000000.0 0.646 4.858 -0.841 -0.806 0.990 -0.959 -0.083 -0.009 -0.008
100000000000.0 -7.970 -0.910 -0.003 -0.280 0.454 0.214 0.076 0.033 -0.015
100000000000.0 -7.605 -5.230 -4.115 0.875 -0.425 -0.357 0.039 -0.037 0.023
100000000000.0 6.142 -9.630 -9.373 -0.659 0.808 0.954 0.050 0.090 0.070
100000000000.0 7.361 5.794 -9.737 0.684 -0.203 0.227 0.070 -0.063 -0.037
100000000000.0 6.931 -2.994 -6.397 -0.702 0.982 -0.406 0.064 0.089 -0.050
100000000000.0 -4.514 -2.887 -9.223 0.939 -0.600 0.309 -0.044 -0.039 -0.003
100000000000.0 2.625 2.611 -4.422 0.286 -0.866 0.301 0.088 0.097 -0.089
100000000000.0 -6.612 1.092 3.535 -0.428 -0.225 -0.876 0.016 0.062 0.023
100000000000.0 -3.510 -2.104 -7.215 -0.812 0.213 -0.467 -0.097 -0.018 0.000
100000000000.0 8.329 9.771 -4.826 -0.476 -0.564 0.570 -0.027 0.019 -0.024
100000000000.0 9.544 -3.392 -3.321 -0.195 -0.387 0.662 -0.069 -0.092 0.037
100000000000.0 7.215 -7.156 4.493 -0.807 -0.859 0.031 0.069 0.050 0.051
100000000000.0 0.427 5.523 5.887 -0.001 0.890 -0.119 0.044 -0.090 -0.049
100000000000.0 -8.486 -2.421 -5.812 0.000 0.649 0.671 -0.077 0.013 -0.059
100000000000.0 5.694 -8.320 -6.146 -0.399 -0.454 -0.058 -0.022 -0.046 0.079
100000000000.0 -3.980 -7.939 7.563 -0.553 -0.388 0.849 0.007 0.064 0.094
100000000000.0 3.692 -9.421 0.995 0.465 -0.613 -0.787 0.076 0.054 -0.084
100000000000.0 -1.664 5.206 0.254 -0.888 -0.940 -0.663 0.015 -0.004 0.024
100000000000.0 7.564 -6.789 -4.790 -0.200 -0.280 0.711 -0.064 -0.053 0.049
100000000000.0 -2.447 -3.648 -5.845 -0.044 -0.620 -0.543 -0.012 0.003 -0.064
100000000000.0 2.849 -0.242 -8.231 -0.337 -0.029 -0.796 0.077 0.020 0.082
100000000000.0 -9.328 6.208 5.807 0.095 0.264 0.526 -0.004 -0.053 0.015
100000000000.0 -4.670 -9.588 -5.102 -0.525 -0.099 -0.895 -0.061 0.035 0.014
100000000000.0 -9.983 -3.800 2.173 0.100 -0.989 -0.534 0.050 -0.082 -0.071
100000000000.0 -2.614 -7.982 -2.274 0.053 -0.600 0.201 0.056 -0.054 -0.090
100000000000.0 -1.034 2.692 -8.678 0.256 0.707 0.419 -0.056 -0.078 0.011
100000000000.0 2.794 -9.444 2.680 -0.540 0.613 -0.051 -0.027 -0.017 0.019
100000000000.0 2.241 2.904 -3.122 0.270 -0.410 0.572 0.073 0.009 -0.005
100000000000.0 4.683 5.618 -6.868 0.914 -0.937 -0.637 0.027 0.003 0.017
100000000000.0 5.045 -3.504 8.614 0.161 0.914 -0.086 0.063 -0.007 0.032
100000000000.0 -1.729 -8.907 -1.177 0.435 -0.153 0.835 0.040 0.096 0.042
100000000000.0 1.347 -7.445 -4.808 0.985 0.395 -0.445 0.030 -0.096 -0.068
100000000000.0 6.812 0.723 3.421 -0.199 -0.626 -0.116 0.000 -0.040 -0.023
100000000000.0 -0.515 -7.315 9.273 -0.565 0.756 -0.131 -0.076 -0.062 0.005
100000000000.0 -8.796 -8.247 4.170 -0.254 0.524 0.250 -0.089 0.049 0.004
100000000000.0 0.183 -1.250 -4.299 0.190 0.097 -0.609 0.032 0.041 -0.073
100000000000.0 3.782 -5.614 -2.201 0.467 -0.141 -0.448 -0.012 0.055 0.090
100000000000.0 -3.836 -0.284 -9.398 -0.300 0.599 0.672 -0.098 -0.043 0.058
100000000000.0 6.942 -1.418 7.274 0.944 0.941 -0.620 0.034 0.053 -0.029
100000000000.0 -6.816 3.589 -9.588 -0.676 0.799 0.826 0.073 -0.033 0.087
100000000000.0 -6.001 6.549 3.142 0.403 -0.250 0.628 0.013 0.066 0.000
100000000000.0 -8.810 5.544 7.350 0.371 -0.323 -0.197 -0.005 -0.057 0.082
100000000000.0 -5.884 -8.967 9.808 -0.315 -0.912 -0.885 -0.085 0.006 -0.013
100000000000.0 8.789 9.932 -9.922 0.434 -0.081 -0.557 -0.033 0.061 -0.007
100000000000.0 -2.266 6.901 3.186 0.448 0.201 -0.047 -0.089 -0.013 -0.007
100000000000.0 -4.390 -5.751 4.827 -0.487 -0.624 -0.656 -0.025 -0.055 -0.077
100000000000.0 -5.961 6.620 3.565 0.672 0.509 -0.874 -0.000 0.001 0.097
100000000000.0 3.242 3.594 1.265 -0.352 -0.907 -0.815 -0.062 0.012 0.011
100000000000.0 -9.531 -5.645 9.123 0.501 -0.035 0.864 -0.086 -0.049 0.038
100000000000.0 -5.212 -0.452 -1.595 0.681 0.334 0.187 -0.033 0.080 -0.096
100000000000.0 -3.712 6.234 -0.559 -0.845 0.250 -0.987 0.092 0.059 -0.086
100000000000.0 -1.005 9.116 -7.276 -0.532 0.170 -0.278 -0.093 0.025 -0.093
100000000000.0 -8.738 2.240 9.930 0.623 -0.392 -0.135 0.083 -0.009 0.095
100000000000.0 8.973 -0.469 -5.173 0.029 0.702 0.079 -0.073 0.010 -0.060
100000000000.0 -9.212 9.681 -2.702 -0.322 0.540 0.303 -0.082 -0.012 0.024
100000000000.0 5.248 8.631 3.066 0.258 -0.716 0.060 0.071 -0.077 0.030
100000000000.0 -7.035 -5.962 7.837 0.103 0.038 -0.857 -0.004 -0.036 0.050
100000000000.0 -1.741 7.995 5.133 0.365 0.016 -0.860 0.076 -0.075 0.020
100000000000.0 -8.638 8.183 -9.115 -0.215 0.794 -0.483 -0.035 -0.086 0.055
100000000000.0 1.544 2.460 -1.485 -0.743 -0.166 0.294 0.093 0.096 0.040
100000000000.0 2.957 1.988 -5.035 0.802 -0.522 0.107 0.015 -0.042 0.067
100000000000.0 -1.266 -8.196 -6.920 0.864 -0.038 -0.181 -0.018 -0.026 -0.055
100000000000.0 9.086 6.937 -4.185 -0.832 0.842 -0.737 -0.098 -0.047 0.070
100000000000.0 -4.957 4.504 -6.047 -0.450 0.336 0.176 0.021 0.048 -0.068
100000000000.0 -2.543 8.645 -5.916 0.401 -0.127 -0.717 -0.085 -0.069 -0.097
100000000000.0 -4.420 4.996 -8.721 -0.014 -0.387 0.558 0.096 0.060 0.013
100000000000.0 -2.109 -1.251 -9.967 -0.327 -0.977 0.248 0.079 0.097 0.090
100000000000.0 9.340 -8.861 -8.454 0.855 -0.637 0.763 -0.037 0.100 -0.063
100000000000.0 -0.883 0.658 -2.935 -0.141 0.093 0.314 -0.012 0.086 -0.006
100000000000.0 0.790 4.183 2.044 0.290 0.874 -0.909 -0.058 -0.076 -0.099
100000000000.0 -4.838 -4.012 -8.993 -0.930 0.745 -0.953 -0.069 -0.031 -0.009
100000000000.0 -7.386 3.402 -3.990 0.331 0.694 -0.049 0.060 -0.096 -0.063
100000000000.0 -2.036 -0.688 -6.723 1.000 0.804 0.070 -0.043 0.067 0.080
100000000000.0 0.623 6.575 -5.491 0.615 -0.888 0.733 -0.018 0.084 -0.001
100000000000.0 -9.542 -6.436 0.919 -0.327 0.372 -0.466 -0.089 0.003 -0.000
100000000000.0 8.562 1.843 9.658 -0.217 0.519 0.186 -0.045 0.041 -0.083
100000000000.0 2.872 -4.665 9.355 0.496 -0.832 -0.626 0.071 0.070 -0.066
100000000000.0 8.851 7.514 -7.816 0.191 0.993 -0.815 0.052 -0.065 0.045
100000000000.0 2.816 -4.938 4.136 -0.003 -0.362 0.563 -0.042 -0.066 -0.099
100000000000.0 -5.509 -0.476 -1.957 -0.806 0.632 0.688 -0.076 0.005 0.022
100000000000.0 -5.596 -0.640 -3.238 0.868 -0.035 0.793 -0.025 0.076 0.010
100000000000.0 -2.133 2.099 -3.363 -0.601 0.615 0.985 -0.022 0.066 -0.021
100000000000.0 -9.094 1.277 -3.907 -0.319 -0.636 0.191 -0.078 0.047 -0.066
100000000000.0 -1.305 -0.459 -5.145 -0.645 -0.584 0.910 -0.010 0.048 0.069
100000000000.0 4.548 -7.646 4.190 -0.255 -0.845 -0.418 0.023 -0.013 -0.083
100000000000.0 -2.524 -2.237 7.667 -0.502 -0.127 -0.694 0.013 -0.083 0.093
100000000000.0 -6.117 5.247 3.600 -0.921 0.840 0.771 -0.049 -0.042 0.030
100000000000.0 8.678 -9.477 5.399 0.665 0.650 0.014 -0.074 -0.053 0.017
100000000000.0 6.283 -4.798 -5.037 -0.065 0.629 0.805 0.025 0.019 0.012
100000000000.0 -3.365 -8.607 6.863 -0.242 -0.613 -0.738 -0.007 -0.061 0.052
100000000000.0 -0.185 -0.558 -0.277 -0.319 0.680 0.080 -0.017 -0.046 -0.085
100000000000.0 -7.597 -0.482 0.235 -0.933 0.360 -0.071 0.096 0.035 0.030
100000000000.0 -5.668 3.347 5.216 -0.506 0.215 0.491 0.039 0.047 0.046
100000000000.0 -3.844 -6.926 8.885 0.150 0.749 -0.113 -0.084 -0.033 -0.038
100000000000.0 0.489 -3.328 -9.854 0.677 0.925 -0.466 0.096 0.042 0.019
100000000000.0 9.589 -0.334 -9.497 0.816 -0.987 0.051 0.031 0.086 -0.097
100000000000.0 -8.920 2.146 -8.094 0.525 -0.253 0.111 -0.018 0.095 -0.081
100000000000.0 7.315 -3.126 1.467 0.397 -0.634 -0.281 -0.067 0.093 -0.064
100000000000.0 -5.957 -8.471 -5.163 0.521 0.475 0.391 0.023 -0.023 -0.090
100000000000.0 -9.110 -7.818 2.912 0.043 0.492 0.609 -0.086 -0.011 0.048
100000000000.0 2.308 2.348 3.987 -0.799 -0.100 0.582 -0.025 -0.022 -0.040
100000000000.0 -6.554 -2.195 -6.781 -0.897 0.258 -0.680 -0.057 0.095 -0.089
100000000000.0 -1.811 -7.291 -1.631 -0.286 0.552 0.348 -0.091 -0.087 -0.091
100000000000.0 2.095 -6.168 -1.339 0.526 -0.579 -0.203 -0.015 -0.047 0.029
100000000000.0 -0.911 5.102 -0.404 0.979 0.118 -0.671 0.007 -0.009 -0.061
100000000000.0 -0.809 -3.712 8.235 0.594 0.729 0.281 0.003 -0.048 0.084
100000000000.0 -2.685 -6.562 -7.092 0.080 -0.767 -0.833 0.099 0.000 0.089
100000000000.0 -3.367 -5.956 9.805 -0.432 0.321 0.259 -0.099 -0.053 -0.042
100000000000.0 -5.817 2.120 7.254 0.352 0.473 0.302 0.063 -0.013 -0.093
100000000000.0 9.628 -4.797 -1.863 0.121 0.861 0.067 -0.097 0.076 0.035
100000000000.0 7.935 -8.556 7.718 0.960 -0.313 -0.650 0.000 0.014 0.016
100000000000.0 -0.562 -2.842 -9.930 -0.352 -0.578 0.547 -0.049 -0.014 -0.070
100000000000.0 3.438 4.304 1.550 0.553 0.060 0.986 -0.064 0.033 0.007
100000000000.0 -9.775 2.023 4.456 -0.306 -0.646 0.341 0.053 0.052 -0.061
100000000000.0 5.853 7.265 4.473 -0.912 -0.394 -0.210 -0.065 -0.038 0.084
100000000000.0 7.672 -0.176 -4.174 -0.802 -0.852 -0.270 0.031 -0.021 0.049
100000000000.0 5.815 6.321 9.654 -0.720 -0.441 0.115 -0.093 -0.002 0.074
100000000000.0 -0.406 -1.347 -4.953 0.935 0.818 -0.269 -0.095 -0.078 0.069
100000000000.0 2.353 5.674 6.150 0.546 0.250 -0.658 -0.078 0.063 0.063
100000000000.0 1.736 7.475 -8.753 0.360 -0.571 -0.285 -0.084 0.033 0.037
100000000000.0 3.099 8.420 1.825 -0.957 0.946 -0.209 -0.025 -0.057 -0.078
100000000000.0 -7.647 9.547 7.637 -0.830 -0.183 -0.555 0.036 0.086 -0.044
100000000000.0 -5.872 0.689 -3.975 -0.120 0.370 -0.828 0.053 0.069 0.075
100000000000.0 1.912 3.578 2.699 0.751 -0.437 -0.290 0.022 0.019 0.089
100000000000.0 0.563 -6.217 1.441 -0.747 -0.899 0.644 -0.041 0.050 0.060
100000000000.0 9.910 -5.359 -5.090 0.652 0.633 -0.704 0.061 -0.057 0.072
100000000000.0 -9.864 -7.003 -8.313 0.088 -0.757 -0.852 0.087 0.054 0.007
100000000000.0 -9.028 -4.835 -8.800 -0.214 0.628 -0.660 0.060 0.079 0.053
100000000000.0 9.273 9.584 7.271 -0.176 0.295 0.082 0.080 -0.063 -0.013
100000000000.0 -8.249 -3.417 8.040 -0.741 0.409 -0.491 -0.070 0.015 0.032
100000000000.0 9.111 4.417 9.847 -0.976 -0.699 0.754 -0.025 0.024 -0.095
100000000000.0 9.095 -1.663 7.793 -0.645 0.296 -0.469 -0.098 -0.007 0.009
100000000000.0 8.411 5.911 -1.426 -0.680 -0.715 -0.645 0.006 -0.062 0.074
100000000000.0 -4.297 -6.433 2.844 0.636 0.538 0.199 -0.003 0.058 -0.094
100000000000.0 -3.003 -0.230 -5.846 0.853 0.842 0.110 -0.009 0.060 -0.066
100000000000.0 4.349 -1.217 -7.609 0.750 0.037 -0.163 0.011 -0.048 -0.050
100000000000.0 4.685 1.743 8.415 -0.858 0.766 -0.495 -0.036 0.081 0.052
100000000000.0 -4.839 -0.570 8.908 -0.945 -0.382 0.504 0.035 -0.051 -0.089
100000000000.0 -3.461 4.175 2.619 -0.978 0.803 0.689 0.005 -0.088 -0.051
100000000000.0 2.188 0.819 -2.643 -0.619 0.854 -0.370 -0.094 0.065 0.031
100000000000.0 -3.942 7.749 4.648 0.973 0.928 0.484 0.024 -0.041 0.021
100000000000.0 -1.035 -6.943 4.433 -0.366 0.196 0.733 0.052 0.056 -0.074
100000000000.0 2.326 -2.343 -4.642 0.700 -0.144 -0.961 0.050 -0.069 -0.029
100000000000.0 -6.175 -1.980 -6.148 -0.064 -0.039 0.464 0.097 0.060 -0.066
100000000000.0 8.404 7.557 -5.513 0.910 -0.293 0.599 0.021 0.084 0.017
100000000000.0 -3.114 6.835 -0.029 0.203 0.088 -0.329 0.031 0.068 0.026
100000000000.0 -1.401 9.723 5.350 0.824 -0.596 -0.584 -0.043 -0.057 0.027
100000000000.0 4.607 3.402 9.556 0.524 0.204 -0.251 -0.005 -0.010 0.003
100000000000.0 0.709 4.805 0.610 -0.752 -0.445 0.247 -0.068 -0.092 -0.013
100000000000.0 2.419 -3.699 7.532 -0.364 -0.650 -0.826 -0.091 -0.049 0.093
100000000000.0 -2.931 -7.935 1.510 -0.024 0.094 -0.164 -0.069 -0.042 -0.086
100000000000.0 0.465 -3.215 0.516 -0.977 0.963 0.309 0.078 -0.090 -0.086
100000000000.0 -7.639 -9.417 -4.074 -0.244 -0.515 -0.450 0.050 -0.090 -0.042
100000000000.0 0.819 1.660 -5.335 -0.388 0.931 0.655 0.031 0.039 -0.008
100000000000.0 -1.954 4.918 0.147 0.989 0.196 0.780 0.019 0.028 0.020
100000000000.0 0.438 7.503 -7.824 -0.859 0.344 0.071 0.074 -0.059 0.022
100000000000.0 0.517 -4.482 4.864 0.896 -0.421 0.957 0.094 -0.039 0.035
100000000000.0 -5.651 2.452 -2.405 0.397 0.960 -0.991 0.035 -0.026 -0.015
100000000000.0 -2.506 4.039 8.585 0.161 0.525 0.100 0.069 -0.039 -0.052
100000000000.0 9.352 8.020 8.912 -0.632 -0.222 -0.570 -0.072 -0.088 -0.003
100000000000.0 -3.568 -4.551 1.721 -0.056 -0.296 -0.675 0.061 0.037 -0.029
100000000000.0 -8.267 -9.659 -7.926 -0.494 -0.799 0.726 0.094 0.008 0.024
100000000000.0 -2.442 8.391 5.777 -0.091 -0.882 0.445 -0.024 0.009 -0.019
100000000000.0 4.401 2.595 1.404 0.777 -0.251 0.324 0.004 0.037 -0.005
100000000000.0 3.616 3.525 0.728 -0.960 0.316 0.496 0.037 0.006 0.072
100000000000.0 6.413 5.440 0.261 0.851 -0.397 0.500 -0.079 -0.017 0.033
100000000000.0 7.252 -0.792 -3.476 0.953 0.862 -0.885 0.029 -0.080 0.047
100000000000.0 8.932 -8.040 -0.925 -0.738 -0.978 -0.402 0.009 0.067 -0.085
100000000000.0 -7.376 5.619 -4.767 0.809 -0.668 0.016 -0.081 -0.026 0.060
100000000000.0 8.651 -5.642 -5.898 -0.113 -0.892 0.604 0.026 0.085 0.009
100000000000.0 6.761 2.787 7.058 -0.632 -0.707 -0.618 -0.072 0.087 -0.013
100000000000.0 -4.028 -4.238 -7.368 0.314 -0.699 -0.008 -0.015 -0.100 0.032
100000000000.0 -2.027 -0.046 -8.418 0.096 -0.369 -0.094 -0.034 -0.009 -0.077
100000000000.0 -7.674 6.574 7.329 0.642 -0.302 0.892 -0.069 0.067 -0.027
100000000000.0 3.284 8.679 -8.129 0.145 0.307 0.519 0.078 0.092 0.058
100000000000.0 -3.134 -1.637 4.194 -0.849 -0.422 0.488 -0.067 0.062 0.040
100000000000.0 0.017 -1.092 2.783 -0.919 0.170 0.245 -0.069 -0.001 0.031
100000000000.0 4.743 2.086 -8.905 0.451 -0.828 0.631 0.057 -0.043 0.056
100000000000.0 -8.822 7.976 9.322 -0.200 0.165 -0.589 -0.099 -0.070 0.095
100000000000.0 5.461 6.057 1.055 0.663 -0.556 0.273 0.017 0.089 0.050
100000000000.0 -4.279 5.578 -2.000 0.242 -0.186 0.835 0.084 0.017 0.056
100000000000.0 -2.501 -9.926 7.294 0.253 -0.336 -0.811 0.060 -0.070 -0.093
100000000000.0 -1.615 6.285 -4.752 -0.319 -0.254 0.942 0.055 0.007 0.033
100000000000.0 -1.086 -6.715 -6.917 -0.902 -0.713 -0.263 -0.019 -0.020 -0.038
100000000000.0 -4.280 0.297 5.479 0.698 -0.124 -0.391 0.081 -0.052 -0.008
100000000000.0 -3.065 1.029 -9.828 -0.131 0.626 0.557 -0.091 -0.004 0.042
100000000000.0 1.463 8.126 -2.603 0.622 -0.345 0.283 -0.031 0.083 0.074
100000000000.0 -4.104 -4.167 -8.084 -0.768 -0.656 0.737 -0.062 -0.086 0.020
100000000000.0 3.100 -1.037 -3.463 -0.135 0.303 -0.301 0.077 -0.014 0.039
100000000000.0 0.232 5.185 -4.998 -0.135 0.769 0.885 -0.059 0.092 0.012
100000000000.0 8.321 7.153 8.304 -0.830 -0.095 0.960 -0.000 0.023 0.032
100000000000.0 0.030 0.693 4.197 -0.101 -0.292 0.966 -0.080 0.077 -0.082
100000000000.0 9.587 -8.382 -5.449 0.997 -0.219 -0.477 -0.032 0.036 -0.003
100000000000.0 8.748 -1.012 -7.259 0.680 0.342 0.524 -0.011 -0.040 -0.033
100000000000.0 7.667 1.185 -7.483 -0.823 -0.106 0.135 0.078 -0.011 -0.072
100000000000.0 6.664 -8.603 1.168 -0.794 0.873 -0.250 -0.066 0.073 0.043
100000000000.0 -1.715 -2.679 3.977 -0.058 -0.116 -0.693 -0.064 0.054 0.082
100000000000.0 -4.075 -8.797 -7.051 0.048 0.847 -0.222 0.015 0.089 0.040
100000000000.0 -8.569 -1.480 -6.734 -0.532 -0.847 -0.845 -0.033 0.055 -0.091
100000000000.0 -5.084 6.799 -9.233 0.522 -0.211 -0.376 -0.082 -0.049 0.083
100000000000.0 1.624 -0.634 3.675 0.360 -0.798 0.776 -0.053 -0.008 -0.076
100000000000.0 -7.923 -1.387 6.721 -0.718 0.226 -0.740 0.079 0.031 0.026
100000000000.0 2.788 -9.603 5.927 -0.903 -0.601 0.441 0.086 -0.015 0.015
100000000000.0 -7.120 6.831 7.109 -0.672 -0.340 0.306 0.004 -0.002 0.060
100000000000.0 -2.845 5.060 -4.837 0.020 0.306 -0.658 0.040 0.093 0.020
100000000000.0 -5.315 -3.646 -4.575 -0.153 -0.002 0.493 0.055 -0.082 -0.076
100000000000.0 -3.753 0.792 -0.500 0.725 0.517 0.983 -0.041 0.059 -0.069
100000000000.0 -8.954 -4.243 -5.218 0.484 0.739 0.793 0.045 -0.038 0.024
100000000000.0 6.255 6.401 -8.711 -0.007 0.174 0.989 -0.048 0.057 0.097
100000000000.0 -2.608 0.150 -4.497 -0.069 0.099 0.263 0.098 0.027 0.025
100000000000.0 -0.926 5.041 3.965 -0.673 0.028 -0.569 0.046 -0.078 -0.050
100000000000.0 -0.413 4.480 -0.231 0.936 0.766 -0.474 0.017 0.085 0.029
100000000000.0 -4.449 3.995 -7.247 -0.298 -0.409 0.159 0.090 -0.062 -0.059
100000000000.0 -6.119 -2.145 3.014 0.628 -0.439 0.437 -0.099 0.075 -0.082
100000000000.0 7.808 6.759 4.019 -0.016 0.383 0.659 0.064 0.009 0.095
100000000000.0 -5.887 -6.807 2.185 -0.270 -0.878 0.445 -0.081 0.090 0.009
100000000000.0 1.428 1.053 -6.308 -0.759 -0.713 -0.985 -0.061 -0.005 -0.032
100000000000.0 6.019 7.448 9.203 0.052 0.738 -0.958 0.076 0.048 -0.016
100000000000.0 7.588 2.177 8.378 0.803 -0.440 -0.040 0.019 -0.005 -0.039
100000000000.0 2.450 -7.300 9.270 0.732 -0.803 -0.112 -0.031 -0.070 0.087
100000000000.0 8.940 -2.430 1.526 0.584 0.275 -0.622 -0.051 -0.079 -0.028
100000000000.0 -2.325 8.048 -8.138 0.937 -0.446 -0.469 -0.086 -0.094 -0.043
100000000000.0 0.828 6.080 6.229 -0.383 0.812 -0.753 -0.020 -0.017 0.094
100000000000.0 2.916 -4.278 2.836 -0.485 0.715 -0.197 -0.022 0.054 -0.071
100000000000.0 -8.862 4.901 4.580 0.092 0.678 -0.701 -0.024 -0.053 0.043
100000000000.0 -7.646 1.435 1.322 -0.253 -0.583 -0.832 -0.047 0.082 0.056
100000000000.0 2.955 -3.637 1.144 -0.029 -0.410 -0.244 0.095 -0.049 0.071
100000000000.0 0.616 9.306 -1.550 0.930 -0.164 0.781 0.076 -0.051 0.010
100000000000.0 -6.079 4.736 9.413 0.170 -0.692 0.757 0.001 0.091 -0.098
100000000000.0 8.805 -7.540 3.079 0.691 -0.392 0.228 0.077 -0.007 -0.035
100000000000.0 -2.450 -4.138 -4.995 0.078 0.764 -0.741 -0.050 0.004 0.088
100000000000.0 -7.897 -4.296 2.887 0.205 -0.222 0.187 0.029 -0.072 -0.069
100000000000.0 4.609 -3.428 -7.532 0.812 -0.842 -0.004 0.079 -0.023 -0.095
100000000000.0 7.873 8.126 3.879 0.160 0.946 0.211 0.018 -0.041 -0.067
100000000000.0 0.957 -4.036 -6.868 -0.907 -0.932 0.034 0.049 -0.090 -0.075
100000000000.0 3.202 -5.915 1.768 -0.959 -0.183 0.887 -0.049 -0.095 -0.028
100000000000.0 -8.444 -1.530 2.831 -0.433 0.007 -0.499 -0.038 -0.017 -0.088
100000000000.0 -1.602 -1.582 9.936 0.124 0.317 -0.611 0.076 0.085 0.014
100000000000.0 0.857 -4.550 -9.923 0.711 0.020 -0.448 -0.048 -0.002 -0.048
100000000000.0 6.794 -1.353 7.674 0.440 -0.588 0.162 0.002 -0.097 0.002
100000000000.0 -8.474 6.128 -3.182 0.724 -0.475 0.039 0.008 -0.025 0.087
100000000000.0 -2.304 8.493 -1.709 -0.976 -0.273 0.665 0.097 0.012 0.029
100000000000.0 -8.879 1.485 0.754 -0.561 -0.628 -0.232 -0.058 0.040 0.063
100000000000.0 5.724 -8.895 -5.967 0.975 -0.130 0.317 0.005 -0.058 -0.058
100000000000.0 1.359 5.350 -3.484 -0.128 -0.421 -0.954 -0.041 0.058 0.005
100000000000.0 2.648 -5.262 -5.070 -0.376 -0.586 0.622 -0.057 -0.035 -0.099
100000000000.0 -8.574 4.988 2.794 -0.158 -0.297 0.905 0.018 -0.063 -0.095
100000000000.0 -8.649 -3.732 -8.425 0.385 -0.081 0.318 -0.018 0.095 -0.011
100000000000.0 3.090 7.050 -7.800 0.051 0.398 0.665 -0.024 0.057 0.071
100000000000.0 6.744 -9.918 7.088 0.258 0.404 -0.441 0.092 0.043 0.027
100000000000.0 -6.083 -7.311 4.740 -0.608 -0.017 -0.144 -0.048 0.079 0.089
100000000000.0 8.664 6.594 1.250 -0.001 -0.652 -0.835 0.071 -0.067 0.057
100000000000.0 -7.269 -0.793 -2.064 -0.338 0.566 -0.565 -0.074 0.008 0.096
100000000000.0 -9.880 -3.426 6.279 0.223 -0.611 -0.145 -0.060 0.075 0.050
100000000000.0 -2.616 -6.333 0.727 0.939 0.787 0.138 -0.074 -0.072 0.068
100000000000.0 -2.836 -4.383 6.092 0.652 -0.509 0.419 -0.093 0.028 0.069
100000000000.0 -7.385 -1.141 6.472 -0.135 -0.085 -0.722 0.071 -0.046 -0.010
100000000000.0 -3.885 8.219 -4.856 0.483 0.043 -0.822 -0.018 0.079 -0.058
100000000000.0 -8.734 -2.185 4.204 0.809 0.383 0.611 -0.008 -0.080 -0.015
100000000000.0 -8.877 -5.916 9.329 -0.194 0.110 -0.550 -0.092 -0.089 0.014
100000000000.0 -5.933 -2.169 -8.737 0.687 -0.132 0.416 -0.087 0.064 0.024
100000000000.0 9.530 -4.775 -9.418 0.382 -0.341 -0.817 0.021 -0.029 -0.005
100000000000.0 2.121 -4.864 -3.538 -0.366 -0.887 -0.993 -0.100 0.024 0.016
100000000000.0 1.865 -1.412 0.458 0.299 -0.301 0.524 -0.036 0.090 0.045
100000000000.0 -0.784 -9.058 9.620 0.622 0.303 -0.982 0.052 -0.049 0.010
100000000000.0 -7.326 -6.882 8.616 0.462 -0.640 0.202 0.069 0.004 -0.046
100000000000.0 4.146 -8.847 -3.771 0.461 -0.197 -0.196 0.011 0.039 -0.074
100000000000.0 7.772 -7.985 7.883 0.139 0.882 0.905 -0.084 0.057 0.054
100000000000.0 -8.949 -9.684 5.197 -0.481 -0.636 -0.683 -0.007 0.071 -0.006
100000000000.0 -0.349 -2.480 2.329 0.270 0.727 -0.318 0.020 -0.022 0.013
100000000000.0 -6.032 0.975 7.431 0.293 -0.507 -0.307 0.022 -0.037 0.017
100000000000.0 1.044 -1.975 5.796 0.056 -0.569 0.911 -0.059 -0.099 -0.076
100000000000.0 -8.677 -6.178 8.608 0.450 0.526 -0.521 0.043 -0.027 0.008
100000000000.0 -5.364 1.405 0.266 0.963 -0.646 0.377 -0.087 -0.032 -0.029
100000000000.0 -1.163 -7.776 -5.591 -0.810 0.411 0.416 -0.044 0.022 0.077
100000000000.0 9.902 -6.514 -3.009 0.121 -0.290 0.545 -0.086 -0.054 0.096
100000000000.0 8.547 -8.239 3.663 0.236 0.764 -0.519 0.019 -0.032 -0.092
100000000000.0 -4.262 4.226 -6.915 -0.834 -0.177 0.911 -0.059 -0.041 0.059
100000000000.0 1.757 -2.784 1.011 0.886 -0.564 -0.396 0.030 -0.082 0.096
100000000000.0 3.966 -4.894 0.651 0.286 -0.124 0.036 0.037 0.062 0.091
100000000000.0 2.593 -7.087 9.455 0.755 0.889 0.823 -0.038 -0.087 0.019
100000000000.0 7.807 0.001 -9.426 0.317 -0.005 -0.502 0.036 0.062 0.072
100000000000.0 6.583 -1.560 4.859 0.593 -0.290 0.074 0.009 -0.058 0.024
100000000000.0 7.239 6.053 4.131 -0.702 -0.893 0.949 0.051 0.099 0.001
100000000000.0 6.290 -3.907 3.755 0.699 0.511 -0.111 0.017 0.040 -0.088
100000000000.0 6.272 3.116 5.063 -0.756 -0.061 0.932 0.036 -0.002 0.080
100000000000.0 -7.565 6.185 8.899 -0.128 0.672 0.026 -0.087 0.017 -0.011
100000000000.0 -0.372 -5.442 -3.269 0.496 -0.570 -0.846 0.030 0.005 0.024
100000000000.0 -6.437 7.478 -5.169 0.124 -0.529 0.724 -0.023 0.054 0.005
100000000000.0 8.860 0.968 -4.046 0.352 0.015 0.550 0.027 -0.039 -0.025
100000000000.0 -8.812 -7.150 9.172 0.776 0.923 -0.774 0.068 0.096 -0.044
100000000000.0 -0.111 5.260 -3.565 -0.830 0.011 -0.438 0.045 -0.025 0.028
100000000000.0 -8.027 -7.691 5.587 0.358 0.327 -0.444 0.025 -0.016 -0.057
100000000000.0 5.364 -1.881 9.044 -0.454 -0.852 0.710 0.009 -0.097 0.048
100000000000.0 -4.836 -7.786 -5.162 -0.767 0.593 0.259 0.032 0.016 0.089
100000000000.0 -8.421 7.067 -2.954 -0.726 -0.700 0.124 -0.028 -0.006 -0.090
100000000000.0 7.491 8.675 -8.030 -0.623 0.228 0.719 0.042 0.002 0.065
100000000000.0 -0.381 3.893 -2.691 0.152 -0.692 0.171 0.070 0.094 -0.011
100000000000.0 2.622 -8.183 0.016 -0.038 0.899 0.946 0.060 -0.021 0.097
100000000000.0 5.424 -6.377 0.355 -0.994 0.007 0.935 0.096 -0.062 0.093
100000000000.0 6.982 -0.846 -6.069 0.158 0.193 -0.700 -0.057 -0.044 0.047
# Mass, Position (x, y, z), Velocity (vx, vy, vz), Acceleration (ax, ay, az)
