100000000000.0 -4.525 1.604 -0.588 -0.201 -0.110 -0.717 -0.047 -0.065 0.055
100000000000.0 -7.443 5.988 1.434 -0.487 0.867 0.086 -0.093 0.068 -0.025
100000000000.0 -6.104 5.350 -2.971 0.157 0.216 0.278 0.084 -0.069 -0.015
100000000000.0 -9.425 -7.866 -2.805 0.723 -0.621 0.636 -0.089 0.080 -0.052
100000000000.0 -2.481 -6.294 1.420 0.558 0.029 -0.226 -0.021 -0.068 0.007
100000000000.0 -4.048 -0.031 5.435 0.554 0.670 -0.270 -0.077 0.056 -0.015
100000000000.0 1.814 8.386 -9.998 -0.095 -0.698 -0.826 -0.091 -0.088 -0.022
100000000000.0 0.414 -9.686 -0.500 -0.254 -0.445 -0.274 -0.020 -0.021 -0.002
100000000000.0 -7.889 -7.942 5.235 -0.121 -0.449 0.353 0.021 0.077 0.029
100000000000.0 -9.779 -2.460 4.550 -0.423 -0.037 0.937 -0.067 0.046 0.040
100000000000.0 -4.969 6.865 -6.336 0.195 -0.446 0.354 -0.070 0.032 -0.073
100000000000.0 -9.101 8.924 -9.391 0.455 -0.463 -0.035 0.051 -0.081 0.082
100000000000.0 0.202 -4.632 -9.314 -0.051 0.474 0.376 0.031 0.081 0.096
100000000000.0 9.531 -9.786 7.645 -0.489 -0.518 0.968 0.090 -0.058 -0.080
100000000000.0 4.245 -4.468 0.257 0.226 0.458 0.667 0.097 0.089 0.075
100000000000.0 -3.026 -8.968 -9.237 -0.071 0.837 -0.336 -0.074 0.064 -0.010
100000000000.0 9.905 -9.225 -2.931 -0.457 0.263 -0.222 -0.019 -0.007 0.052
100000000000.0 1.766 0.525 -3.248 -0.894 0.577 0.249 -0.066 -0.021 -0.023
100000000000.0 -0.330 3.966 -6.045 -0.745 0.228 0.453 0.094 0.052 0.010
100000000000.0 -1.906 -3.586 -2.311 -0.795 0.550 0.305 -0.032 -0.059 -0.075
100000000000.0 2.834 0.403 -5.769 -0.452 -0.948 0.202 0.010 0.089 0.041
100000000000.0 -9.730 2.504 -9.100 0.401 0.636 0.230 0.086 0.088 0.058
100000000000.0 7.206 8.635 6.145 -0.235 -0.389 0.434 -0.098 0.077 0.033
100000000000.0 -0.605 -2.986 3.131 0.525 -0.301 0.596 0.009 0.038 -0.042
100000000000.0 -7.385 -7.940 1.228 0.461 0.453 0.801 -0.016 0.062 0.066
100000000000.0 4.961 -0.937 0.357 -0.347 -0.844 -0.279 -0.013 0.008 -0.018
100000000000.0 5.789 0.836 -0.763 -0.244 0.330 0.266 0.070 0.062 0.020
100000000000.0 -8.695 1.237 2.624 -0.089 0.841 -0.188 -0.037 0.050 -0.005
100000000000.0 9.409 7.084 9.070 -0.388 -0.162 0.021 0.034 0.037 0.075
100000000000.0 5.782 8.939 9.417 0.560 0.593 0.835 -0.047 0.013 0.087
100000000000.0 0.184 -2.284 -7.043 0.311 0.121 -0.217 -0.051 -0.071 0.055
100000000000.0 3.129 -8.710 3.402 -0.370 0.928 -0.870 0.098 0.012 -0.066
100000000000.0 7.302 7.725 8.453 0.663 0.052 -0.684 -0.085 -0.071 0.070
100000000000.0 -6.461 6.687 8.839 0.290 0.068 0.886 -0.066 0.072 0.043
100000000000.0 -2.083 3.559 -7.702 0.231 -0.402 0.610 0.003 0.039 -0.012
100000000000.0 3.060 7.489 -7.480 -0.570 0.555 -0.559 -0.038 0.002 0.013
100000000000.0 9.596 -0.029 -7.213 -0.140 -0.451 -0.279 -0.002 -0.021 -0.040
100000000000.0 -8.552 -3.383 3.893 0.356 0.393 0.621 -0.037 0.053 0.018
100000000000.0 8.349 1.568 6.477 0.555 0.917 0.613 0.007 0.020 -0.010
100000000000.0 -5.314 1.479 -2.518 0.749 -0.164 -0.578 0.063 0.036 -0.090
100000000000.0 2.784 4.904 3.009 -0.807 -0.697 0.892 0.001 -0.090 0.093
100000000000.0 9.601 1.733 -2.877 -0.073 0.916 0.613 0.004 0.100 -0.056
100000000000.0 -7.074 -4.576 1.714 0.936 -0.997 -0.940 0.017 -0.017 0.023
100000000000.0 9.569 5.153 0.734 0.983 0.410 0.988 0.043 0.030 0.043
100000000000.0 -3.160 -8.216 2.162 0.886 -0.479 -0.142 0.056 -0.057 0.020
100000000000.0 1.565 -1.475 9.088 0.746 -0.137 -0.331 -0.014 -0.092 -0.010
100000000000.0 -2.182 -5.723 7.354 -0.183 0.895 0.221 0.053 -0.018 -0.076
100000000000.0 3.267 5.539 -3.420 -0.007 -0.219 0.164 0.016 0.083 -0.011
100000000000.0 -8.546 -0.686 -0.820 -0.128 0.808 -0.621 -0.034 0.022 0.066
100000000000.0 -8.513 -8.483 -6.825 0.503 -0.912 0.946 0.071 0.058 0.020
100000000000.0 7.535 1.023 6.005 0.380 0.420 -0.967 0.048 0.036 0.068
100000000000.0 -4.722 -1.406 2.149 0.182 -0.738 -0.502 0.027 0.066 -0.011
100000000000.0 -7.668 8.599 -2.452 0.038 0.018 0.181 -0.029 -0.086 -0.001
100000000000.0 8.575 4.930 3.268 -0.482 0.713 -0.518 -0.085 -0.058 -0.036
100000000000.0 6.615 8.543 -8.596 -0.706 -0.922 0.957 0.049 0.019 -0.034
100000000000.0 2.753 -5.023 -8.855 -0.255 0.231 0.334 0.077 0.004 0.069
100000000000.0 -6.355 -8.030 1.907 0.387 -0.402 -0.773 0.035 0.040 0.010
100000000000.0 8.695 -0.362 2.350 -0.398 0.729 -0.724 -0.003 -0.006 0.000
100000000000.0 -4.995 2.079 -5.394 -0.672 0.554 -0.939 0.051 -0.020 -0.094
100000000000.0 4.382 -9.011 -3.275 0.269 0.568 0.253 0.028 -0.087 -0.023
100000000000.0 -7.095 -5.889 -3.655 0.634 0.245 0.353 -0.084 0.080 0.083
100000000000.0 2.213 -3.299 3.562 0.270 0.945 0.769 -0.088 0.003 0.097
100000000000.0 7.362 2.022 -1.194 0.341 -0.390 -0.923 -0.074 0.020 0.047
100000000000.0 -3.444 -1.245 -3.588 -0.115 -0.583 0.477 -0.083 0.046 -0.024
100000000000.0 -5.360 5.111 -9.800 -0.637 0.257 0.440 0.025 0.003 0.100
100000000000.0 1.447 -9.231 6.137 -0.545 -0.433 0.834 -0.026 -0.093 0.030
100000000000.0 5.218 -0.413 -1.914 0.879 0.601 -0.473 -0.079 -0.008 0.064
100000000000.0 9.714 8.642 -9.652 -0.514 -0.658 0.496 -0.093 0.030 -0.083
100000000000.0 3.505 -4.194 -0.589 0.611 0.576 0.999 -0.057 -0.086 -0.012
100000000000.0 -6.981 -9.328 9.035 0.841 0.124 -0.028 -0.097 0.014 0.055
100000000000.0 9.863 4.446 -2.119 -0.966 -0.036 0.950 0.050 -0.032 -0.088
100000000000.0 9.795 -2.589 -6.651 0.137 0.967 0.527 0.057 0.003 -0.069
100000000000.0 0.031 9.627 -6.804 -0.340 0.577 -0.230 -0.044 -0.094 -0.029
100000000000.0 7.113 6.275 6.447 -0.524 -0.528 -0.570 -0.070 0.064 0.036
100000000000.0 5.243 9.903 -3.150 0.274 0.621 0.187 0.026 0.024 0.032
100000000000.0 7.981 6.828 0.832 0.759 -0.539 -0.824 0.005 0.032 -0.051
100000000000.0 -9.459 -8.318 6.187 -0.167 -0.893 0.610 -0.014 -0.033 -0.099
100000000000.0 2.000 -1.689 -3.116 -0.543 0.095 -0.974 -0.050 0.092 0.042
100000000000.0 5.733 6.417 -0.233 -0.473 0.852 -0.591 -0.066 -0.056 -0.009
100000000000.0 9.542 0.601 0.837 -0.957 0.633 0.448 0.006 -0.004 0.080
100000000000.0 -9.922 1.752 -9.374 0.898 0.647 0.438 0.064 0.077 -0.051
100000000000.0 1.819 -4.592 8.692 -0.351 0.853 -0.998 0.094 -0.015 -0.002
100000000000.0 -7.529 -2.715 -3.395 -0.684 -0.281 -0.301 0.024 0.043 -0.055
100000000000.0 4.559 0.916 -7.934 0.120 0.912 -0.187 0.010 -0.005 0.016
100000000000.0 3.653 -0.666 8.716 0.097 -0.885 0.872 -0.007 0.015 0.062
100000000000.0 6.530 3.387 1.951 -0.514 0.088 0.200 -0.050 -0.082 -0.041
100000000000.0 -2.285 9.392 -0.917 0.252 -0.355 -0.442 -0.099 0.002 0.014
100000000000.0 2.666 2.573 4.769 0.471 0.600 0.220 0.043 0.027 0.035
100000000000.0 -6.586 5.795 -3.236 0.587 0.898 0.530 -0.062 0.049 -0.005
100000000000.0 2.999 -6.644 -9.154 0.358 0.154 0.584 -0.055 0.071 -0.034
100000000000.0 0.750 8.532 2.145 0.582 0.916 0.073 -0.060 0.021 0.053
100000000000.0 6.188 -9.386 -5.441 -0.273 0.826 0.220 -0.091 -0.016 0.043
100000000000.0 6.043 -5.113 6.600 0.388 -0.796 -0.382 -0.060 -0.047 -0.014
100000000000.0 -8.903 2.708 -5.283 0.701 -0.978 0.284 -0.027 0.054 0.074
100000000000.0 9.621 2.627 -9.502 -0.217 0.423 0.428 -0.073 -0.006 0.035
100000000000.0 -8.640 -8.737 -7.096 -0.888 -0.801 0.531 0.005 0.055 0.045
100000000000.0 8.765 -6.347 6.824 -0.487 -0.944 0.615 0.050 -0.012 -0.085
100000000000.0 -7.064 4.077 -8.490 0.246 -0.486 -0.928 0.058 0.037 0.012
100000000000.0 5.259 0.558 -7.900 0.483 0.153 -0.284 -0.038 0.010 0.045
100000000000.0 -7.872 -5.573 -5.171 0.637 0.657 0.832 -0.023 -0.041 -0.085
# Mass, Position (x, y, z), Velocity (vx, vy, vz), Acceleration (ax, ay, az)